1 -> 119, 152, 202, 377, 
2 -> 16, 87, 116, 136, 
3 -> 134, 173, 252, 359, 
4 -> 181, 325, 356, 393, 
5 -> 268, 269, 297, 352, 
6 -> 80, 120, 232, 246, 
7 -> 121, 128, 129, 168, 
8 -> 191, 271, 285, 320, 
9 -> 26, 267, 316, 337, 
10 -> 79, 199, 293, 363, 
11 -> 54, 91, 256, 346, 
12 -> 158, 178, 183, 219, 
13 -> 32, 213, 288, 306, 
14 -> 38, 95, 111, 185, 
15 -> 159, 192, 208, 305, 
16 -> 40, 139, 372, 376, 
17 -> 148, 261, 308, 341, 
18 -> 24, 45, 101, 358, 
19 -> 14, 83, 112, 280, 
20 -> 19, 73, 96, 117, 
21 -> 48, 51, 98, 277, 
22 -> 35, 294, 317, 396, 
23 -> 64, 97, 201, 329, 
24 -> 162, 247, 279, 400, 
25 -> 75, 99, 212, 354, 
26 -> 50, 57, 244, 298, 
27 -> 61, 145, 190, 228, 
28 -> 30, 70, 179, 304, 
29 -> 227, 229, 255, 328, 
30 -> 4, 15, 188, 384, 
31 -> 85, 203, 234, 364, 
32 -> 36, 174, 330, 375, 
33 -> 92, 307, 347, 361, 
34 -> 163, 218, 296, 370, 
35 -> 23, 65, 343, 349, 
36 -> 8, 9, 105, 186, 
37 -> 6, 151, 180, 344, 
38 -> 5, 93, 184, 394, 
39 -> 110, 276, 290, 386, 
40 -> 144, 210, 243, 355, 
41 -> 12, 138, 176, 340, 
42 -> 28, 153, 197, 273, 
43 -> 17, 37, 282, 371, 
44 -> 10, 68, 226, 315, 
45 -> 43, 160, 177, 382, 
46 -> 205, 235, 357, 369, 
47 -> 1, 31, 62, 126, 
48 -> 223, 248, 272, 380, 
49 -> 165, 189, 196, 378, 
50 -> 137, 264, 284, 322, 
51 -> 78, 231, 351, 368, 
52 -> 143, 187, 237, 321, 
53 -> 20, 55, 122, 157, 
54 -> 127, 169, 260, 299, 
55 -> 286, 365, 383, 397, 
56 -> 86, 225, 345, 388, 
57 -> 72, 106, 233, 395, 
58 -> 47, 118, 251, 278, 
59 -> 170, 214, 373, 387, 
60 -> 52, 155, 291, 332, 
61 -> 49, 215, 240, 300, 
62 -> 18, 195, 289, 310, 
63 -> 67, 150, 198, 379, 
64 -> 76, 141, 194, 258, 
65 -> 74, 147, 313, 335, 
66 -> 82, 254, 275, 331, 
67 -> 27, 250, 312, 398, 
68 -> 133, 206, 295, 391, 
69 -> 59, 161, 281, 338, 
70 -> 22, 71, 84, 385, 
71 -> 39, 56, 209, 301, 
72 -> 207, 257, 334, 367, 
73 -> 44, 140, 274, 381, 
74 -> 132, 216, 311, 390, 
75 -> 90, 115, 125, 142, 
76 -> 124, 172, 249, 350, 
77 -> 69, 81, 221, 236, 
78 -> 224, 283, 336, 374, 
79 -> 25, 42, 109, 309, 
80 -> 63, 102, 217, 287, 
81 -> 21, 211, 245, 366, 
82 -> 265, 292, 348, 362, 
83 -> 11, 131, 154, 259, 
84 -> 2, 149, 193, 323, 
85 -> 94, 114, 123, 182, 
86 -> 33, 319, 327, 360, 
87 -> 103, 167, 220, 326, 
88 -> 241, 303, 339, 392, 
89 -> 41, 46, 77, 399, 
90 -> 34, 263, 314, 318, 
91 -> 104, 164, 200, 324, 
92 -> 113, 135, 222, 353, 
93 -> 58, 88, 302, 333, 
94 -> 100, 130, 238, 242, 
95 -> 13, 60, 230, 262, 
96 -> 7, 89, 107, 166, 
97 -> 53, 108, 156, 239, 
98 -> 66, 253, 266, 389, 
99 -> 3, 146, 175, 342, 
100 -> 29, 171, 204, 270, 
Sumaryczny koszt: 6685
