1000
4
1 -72 -90
2 -32 -60
3 66 19
4 -83 -71
5 87 -71
6 43 -27
7 -28 95
8 94 -35
9 -18 -21
10 -91 88
11 24 77
12 94 51
13 72 32
14 -93 84
15 11 -34
16 -52 -84
17 -63 3
18 -41 92
19 87 22
20 -47 -14
21 87 -20
22 -16 60
23 -31 32
24 -54 -93
25 -65 46
26 -59 -98
27 71 -90
28 -42 -49
29 -85 17
30 -32 -67
31 12 -67
32 18 21
33 81 26
34 -65 68
35 35 -99
36 -22 60
37 -75 22
38 -100 -56
39 -7 -66
40 -18 -61
41 -14 99
42 48 64
43 -75 -55
44 -55 -73
45 -55 -92
46 77 -30
47 -47 -80
48 74 54
49 61 62
50 78 42
51 -3 -23
52 -29 -66
53 -32 -20
54 77 -51
55 -90 -86
56 57 81
57 -66 -72
58 46 12
59 -16 53
60 -5 35
61 -19 -92
62 23 27
63 -77 -92
64 6 -96
65 47 -54
66 -18 30
67 -45 40
68 42 -91
69 28 14
70 -4 44
71 -32 96
72 -83 -69
73 -49 95
74 -65 -75
75 -27 -38
76 -31 -93
77 -34 -57
78 -40 -12
79 53 44
80 -90 -40
81 73 72
82 1 63
83 31 -74
84 26 -6
85 -15 37
86 84 70
87 -43 51
88 -33 -15
89 91 -8
90 -24 -72
91 72 -19
92 31 -15
93 76 -26
94 -36 -88
95 -21 -46
96 -45 83
97 3 -64
98 71 -5
99 -6 -47
100 -1 -76
101 -31 41
102 39 36
103 -22 -1
104 50 15
105 75 75
106 -3 -39
107 -32 82
108 -13 -8
109 -59 -84
110 86 -43
111 62 14
112 -85 -69
113 -19 -100
114 -34 -80
115 80 71
116 91 37
117 92 -49
118 58 -69
119 42 94
120 -93 -23
121 23 48
122 -64 4
123 56 93
124 15 21
125 48 -22
126 -46 -22
127 -33 -58
128 -38 55
129 25 7
130 -46 -23
131 -67 29
132 35 -96
133 83 59
134 -32 -84
135 -77 -44
136 49 -54
137 -91 9
138 33 -87
139 -22 11
140 -25 -13
141 -16 44
142 -29 1
143 16 13
144 -30 50
145 88 -97
146 5 -65
147 40 29
148 -57 93
149 -88 -69
150 20 96
151 25 -1
152 -3 -8
153 29 -92
154 -32 57
155 8 -52
156 -23 -86
157 -68 66
158 92 -12
159 -42 -66
160 -13 -30
161 -11 18
162 -73 -80
163 51 14
164 5 -21
165 -35 39
166 -99 -54
167 90 -22
168 62 85
169 -53 79
170 71 8
171 -56 12
172 -59 40
173 25 -10
174 -97 74
175 36 55
176 35 78
177 43 -51
178 7 -94
179 -29 -23
180 41 -85
181 2 89
182 -9 69
183 -53 -70
184 -76 53
185 -97 -93
186 -59 -22
187 -38 78
188 -74 76
189 -24 -13
190 -6 -40
191 11 31
192 42 10
193 -97 -77
194 2 40
195 70 56
196 14 69
197 -62 56
198 -94 -45
199 -80 -29
200 -7 -6
201 -34 -51
202 70 29
203 13 -43
204 15 65
205 -77 30
206 30 83
207 82 -19
208 3 70
209 -54 81
210 66 -77
211 28 -17
212 82 -53
213 -7 -29
214 -60 6
215 72 71
216 55 -96
217 94 99
218 93 -39
219 60 -87
220 96 46
221 8 37
222 17 -60
223 -75 30
224 86 57
225 -48 -65
226 -92 -61
227 5 -31
228 66 83
229 -34 23
230 -64 -59
231 -84 -92
232 92 -48
233 75 25
234 89 83
235 -13 -59
236 -91 -68
237 84 -80
238 15 90
239 66 42
240 -79 62
241 -16 -18
242 -47 36
243 62 15
244 -2 25
245 -68 -91
246 94 -63
247 77 54
248 29 -1
249 44 -36
250 -36 0
251 40 -97
252 -31 -90
253 -75 76
254 -45 -15
255 53 75
256 -83 24
257 1 -27
258 57 34
259 55 -44
260 -10 -41
261 -74 -36
262 50 -23
263 -53 72
264 -45 -71
265 -10 -84
266 -54 1
267 -22 21
268 -78 -19
269 -87 -58
270 10 86
271 -40 -87
272 71 -43
273 92 -30
274 35 4
275 97 95
276 43 -12
277 74 -95
278 -27 -24
279 -48 91
280 63 -47
281 20 -75
282 94 36
283 29 16
284 -54 80
285 -49 -25
286 20 13
287 45 4
288 98 -87
289 -8 -7
290 -15 76
291 -63 51
292 -68 -5
293 -27 57
294 26 -28
295 -53 45
296 -72 -79
297 -22 -43
298 -35 -65
299 -82 -65
300 27 -24
301 -76 54
302 -48 22
303 -26 -70
304 42 -30
305 -94 -40
306 83 59
307 6 87
308 -84 69
309 93 -1
310 -37 72
311 89 73
312 33 5
313 -54 -1
314 -66 -12
315 -61 62
316 94 -43
317 66 -91
318 52 -18
319 -2 9
320 -79 -57
321 -85 -44
322 -34 86
323 62 -31
324 15 -10
325 -59 -5
326 -58 19
327 71 55
328 -14 -49
329 -79 47
330 -25 75
331 95 -46
332 -69 -57
333 -35 25
334 93 -4
335 -65 34
336 -29 -17
337 -22 -80
338 56 32
339 6 46
340 43 77
341 84 43
342 -53 43
343 20 -25
344 -14 -90
345 22 0
346 -40 50
347 -67 -54
348 -53 60
349 -75 -77
350 21 -64
351 -25 -82
352 -45 7
353 -76 59
354 -59 51
355 98 54
356 44 -25
357 -97 -2
358 91 -49
359 -93 -13
360 22 90
361 -61 82
362 74 34
363 -27 20
364 -51 -68
365 72 96
366 6 -17
367 -75 7
368 1 65
369 -12 39
370 19 61
371 -66 35
372 -88 68
373 56 85
374 47 35
375 -46 95
376 53 38
377 0 30
378 96 -8
379 -57 21
380 -67 3
381 9 -91
382 78 -98
383 -53 -40
384 -50 -4
385 96 -75
386 63 -33
387 68 61
388 55 4
389 70 -94
390 77 -12
391 73 13
392 77 76
393 -58 68
394 83 -6
395 11 -91
396 22 67
397 6 -85
398 -49 -75
399 56 -90
400 20 -5
401 35 -50
402 39 -71
403 -68 -14
404 70 38
405 74 -9
406 22 -63
407 43 45
408 30 95
409 -68 -99
410 59 -22
411 -23 55
412 85 87
413 3 96
414 60 52
415 9 30
416 48 60
417 -15 -18
418 53 22
419 74 47
420 44 56
421 98 -56
422 19 -81
423 -14 -16
424 -76 61
425 -15 -45
426 93 55
427 -50 -59
428 -82 79
429 -35 52
430 26 -64
431 25 -82
432 -71 -56
433 43 62
434 51 -39
435 91 -93
436 -79 -16
437 -43 -97
438 -20 -67
439 -65 65
440 0 -82
441 72 99
442 -34 -47
443 37 92
444 9 -56
445 -37 74
446 -43 -78
447 -80 7
448 -70 80
449 -85 -25
450 -24 24
451 33 62
452 69 -22
453 -66 8
454 -2 -54
455 61 84
456 43 0
457 -49 8
458 -36 26
459 51 75
460 6 50
461 -48 7
462 97 -83
463 50 99
464 -36 49
465 73 0
466 -83 60
467 -11 76
468 -16 -91
469 -71 87
470 -81 -71
471 -6 -38
472 -18 -21
473 -70 56
474 70 11
475 -58 4
476 -72 -61
477 69 25
478 -29 -74
479 65 52
480 28 -66
481 -57 48
482 -27 -39
483 66 83
484 -90 -25
485 -76 -45
486 -4 64
487 56 -23
488 -45 90
489 -76 18
490 87 93
491 -72 52
492 6 -31
493 -29 77
494 91 63
495 4 -42
496 -57 -23
497 -41 84
498 85 46
499 88 -79
500 12 -54
501 46 -5
502 -13 87
503 -93 -36
504 -17 -9
505 -31 -19
506 -99 -53
507 65 34
508 -94 -9
509 -59 -96
510 89 89
511 92 -53
512 70 65
513 -88 -81
514 4 71
515 -8 9
516 -99 -97
517 -95 40
518 -53 33
519 -36 19
520 -39 -93
521 -7 -1
522 -7 -77
523 -44 95
524 12 24
525 78 -7
526 4 84
527 -69 23
528 -47 -2
529 24 21
530 75 87
531 59 12
532 99 60
533 -20 98
534 -59 -76
535 -13 -28
536 -74 22
537 42 82
538 -5 -7
539 53 47
540 9 -84
541 7 79
542 93 98
543 -96 -83
544 71 -18
545 -13 48
546 -92 42
547 43 -27
548 -53 81
549 -1 33
550 42 -42
551 53 -13
552 -63 5
553 -34 82
554 -59 -51
555 -73 60
556 45 77
557 -88 58
558 -20 79
559 18 -99
560 56 -37
561 -74 58
562 36 38
563 -36 -17
564 78 -32
565 34 13
566 93 -81
567 -96 -50
568 -37 -81
569 42 -12
570 31 -79
571 75 21
572 -46 26
573 -98 -69
574 30 85
575 93 -33
576 -38 -2
577 77 -21
578 -69 94
579 50 -2
580 -60 83
581 -96 72
582 15 14
583 66 25
584 72 62
585 -5 -40
586 -63 -70
587 -31 34
588 -13 5
589 4 -90
590 35 -67
591 53 92
592 -25 -34
593 -50 -6
594 -58 25
595 -82 -32
596 -32 -57
597 -53 48
598 -83 -98
599 -94 40
600 59 -23
601 -42 68
602 -10 32
603 -70 -68
604 -71 -57
605 92 26
606 -10 40
607 62 -93
608 -71 -89
609 -3 -52
610 -37 -28
611 -17 -53
612 43 -73
613 91 94
614 82 21
615 16 -16
616 -2 63
617 -50 -42
618 74 85
619 2 42
620 -64 -82
621 -35 98
622 33 -9
623 77 28
624 -20 -60
625 18 -94
626 5 58
627 -24 -13
628 93 -89
629 -76 -37
630 41 -64
631 -51 7
632 27 7
633 -72 27
634 -10 3
635 -67 -56
636 8 54
637 -89 -55
638 -94 -16
639 14 -49
640 -51 -37
641 13 42
642 -98 9
643 78 40
644 -14 62
645 -35 62
646 60 -61
647 -99 -100
648 68 57
649 -29 -75
650 -37 -50
651 -63 77
652 -94 -26
653 -2 51
654 46 -69
655 -20 8
656 -3 72
657 -87 -23
658 22 7
659 5 -83
660 28 -12
661 -60 28
662 -62 -30
663 -17 -32
664 53 -89
665 -24 -51
666 -88 -12
667 88 99
668 -74 35
669 35 28
670 -89 -73
671 93 -45
672 -19 56
673 -35 87
674 -74 24
675 -23 -39
676 -48 -47
677 -4 75
678 -91 9
679 38 36
680 90 -71
681 98 35
682 54 -69
683 -5 -92
684 84 -86
685 -49 87
686 71 76
687 -94 0
688 -6 85
689 -54 -19
690 -96 -5
691 -58 -72
692 33 -85
693 97 59
694 91 -88
695 89 16
696 97 99
697 37 82
698 -71 -42
699 0 -50
700 -40 -43
701 -98 -89
702 -27 -10
703 -10 -25
704 -53 96
705 -19 -76
706 -38 -44
707 31 -5
708 86 69
709 -99 39
710 -66 36
711 -84 72
712 -76 34
713 89 71
714 -62 -76
715 -29 -65
716 -16 96
717 -79 47
718 -8 -69
719 55 -57
720 25 21
721 11 95
722 31 65
723 -47 40
724 -32 -58
725 95 -40
726 -43 61
727 -84 23
728 -60 -70
729 87 38
730 0 18
731 -63 -77
732 24 -54
733 39 -34
734 -65 83
735 -98 55
736 -87 58
737 -87 12
738 -75 -80
739 -59 -41
740 -20 -51
741 3 96
742 -72 -90
743 77 23
744 79 -3
745 6 -38
746 -56 -83
747 42 -93
748 -16 -12
749 -30 -16
750 -74 87
751 4 -16
752 -60 -60
753 -53 -1
754 47 3
755 -2 -80
756 89 27
757 -42 -50
758 -86 -60
759 94 14
760 -32 -85
761 -14 38
762 -24 40
763 11 96
764 -85 -94
765 -72 37
766 49 56
767 -67 -7
768 45 -81
769 55 87
770 63 -22
771 76 -24
772 98 -14
773 -28 16
774 58 -9
775 92 -57
776 -7 56
777 -84 -90
778 0 65
779 -93 -1
780 29 -49
781 -17 40
782 -25 61
783 -30 -68
784 -6 65
785 5 95
786 -15 -94
787 51 89
788 -61 -90
789 39 89
790 -33 94
791 -63 24
792 -87 84
793 -57 92
794 40 -77
795 92 79
796 -89 -44
797 -42 11
798 95 -65
799 -100 -63
800 -84 -60
801 -79 93
802 86 97
803 58 -14
804 -95 -74
805 70 -11
806 -75 -82
807 -69 34
808 -87 59
809 27 -10
810 17 -23
811 -8 -29
812 72 25
813 83 -72
814 48 -61
815 94 -96
816 -91 2
817 73 -73
818 72 -57
819 37 -85
820 -74 57
821 87 13
822 -48 2
823 54 93
824 -76 24
825 -2 -65
826 7 10
827 19 39
828 47 50
829 -80 -40
830 -86 29
831 38 66
832 -69 65
833 -20 23
834 -56 -96
835 61 69
836 -79 11
837 -36 60
838 -10 78
839 -82 -31
840 71 90
841 -97 -76
842 40 59
843 -4 -1
844 82 -66
845 -21 -78
846 -77 -24
847 -99 -4
848 -81 -80
849 -19 -14
850 -78 -70
851 48 -81
852 62 28
853 -87 96
854 -54 59
855 -52 69
856 32 50
857 -11 -76
858 26 14
859 -75 -28
860 -32 81
861 40 -90
862 25 39
863 46 45
864 10 67
865 41 -31
866 -3 31
867 -53 40
868 -59 83
869 -39 -88
870 45 0
871 -47 -78
872 85 10
873 -10 -28
874 87 77
875 70 5
876 94 -91
877 -82 -59
878 -10 38
879 -6 -78
880 81 -32
881 -15 -22
882 -82 79
883 -29 -100
884 3 49
885 82 42
886 -48 -88
887 26 68
888 27 17
889 -75 -85
890 -51 -26
891 57 33
892 97 -65
893 -26 -13
894 13 -94
895 -51 3
896 -11 -61
897 -69 -23
898 -85 75
899 -96 -94
900 -62 -11
901 69 -62
902 94 -72
903 -48 82
904 -18 -51
905 13 72
906 12 -21
907 73 6
908 10 52
909 -20 82
910 4 84
911 -13 -4
912 -1 -22
913 -48 -87
914 81 -51
915 53 52
916 13 -81
917 77 60
918 5 19
919 38 69
920 83 -8
921 -95 -37
922 -8 -23
923 90 -91
924 -35 25
925 66 -38
926 -6 -79
927 1 -47
928 -98 -28
929 38 16
930 75 -61
931 -99 -67
932 -4 60
933 -41 -7
934 2 -87
935 -100 90
936 -86 11
937 99 -89
938 79 -77
939 -97 -78
940 -13 -58
941 47 -45
942 -18 -10
943 -42 -9
944 17 23
945 57 -67
946 81 -78
947 93 43
948 -9 71
949 66 32
950 -83 -3
951 7 -48
952 24 75
953 -53 83
954 -78 -10
955 -26 78
956 -32 16
957 -72 32
958 -8 45
959 50 -94
960 2 67
961 76 79
962 -45 67
963 -91 92
964 17 -44
965 20 -93
966 -43 -29
967 -96 90
968 35 -6
969 31 7
970 -58 -25
971 -31 -73
972 -52 79
973 64 -36
974 93 -39
975 -49 46
976 -79 60
977 -71 -51
978 20 28
979 97 56
980 66 -45
981 -35 65
982 69 -33
983 21 96
984 12 -63
985 97 97
986 -87 -58
987 63 -73
988 -3 49
989 30 -25
990 -98 45
991 98 -44
992 -96 73
993 85 -4
994 -59 54
995 -31 -94
996 -4 74
997 41 87
998 -91 3
999 -43 80
1000 -43 67
1 52 56
2 -37 -47
3 32 78
4 97 -98
5 51 71
6 98 21
7 54 -80
8 -44 -92
9 61 96
10 -19 -75
11 54 57
12 67 91
13 1 -62
14 1 75
15 -82 94
16 -9 49
17 -82 -66
18 93 -58
19 93 51
20 -60 -94
21 -1 -61
22 -98 -2
23 -92 75
24 -80 20
25 31 -100
26 42 -39
27 -1 -68
28 -87 94
29 88 -28
30 51 -6
31 -23 -78
32 83 57
33 -21 -52
34 3 19
35 -73 -87
36 -85 -91
37 55 -25
38 26 15
39 54 -31
40 82 26
41 -82 81
42 -57 -83
43 -49 -70
44 -50 85
45 -79 98
46 -46 20
47 99 46
48 29 -24
49 -45 -55
50 -82 59
51 -29 1
52 -7 17
53 84 33
54 5 -77
55 6 -3
56 -60 18
57 -11 -75
58 -25 -5
59 78 66
60 6 -52
61 97 17
62 -3 -71
63 59 -6
64 -91 -92
65 45 -51
66 -41 9
67 -50 -78
68 -46 16
69 -12 26
70 -68 17
71 24 -74
72 -21 23
73 58 35
74 -69 73
75 -29 -67
76 -2 -11
77 38 69
78 62 54
79 -97 -37
80 57 -10
81 24 -3
82 -22 -43
83 -62 30
84 -32 -34
85 71 59
86 -93 -49
87 33 88
88 23 71
89 -63 74
90 -29 -76
91 -37 -65
92 37 11
93 50 69
94 70 -19
95 -40 -1
96 13 -76
97 68 42
98 93 -73
99 48 -78
100 -16 -73
101 -33 64
102 -98 12
103 -75 -53
104 55 50
105 -55 90
106 17 -71
107 92 33
108 -74 -12
109 60 66
110 6 -31
111 60 87
112 -94 -28
113 -55 83
114 -18 91
115 94 -4
116 -78 -86
117 -11 -57
118 57 -1
119 -67 -75
120 -15 3
121 -86 -81
122 -65 -31
123 82 -16
124 -69 -65
125 15 5
126 -34 82
127 16 -85
128 -33 -21
129 58 30
130 -34 -58
131 64 63
132 56 49
133 68 2
134 40 49
135 75 27
136 -45 35
137 -20 -97
138 -46 40
139 51 36
140 -11 61
141 52 -54
142 -25 -12
143 -70 -60
144 -2 -27
145 76 -23
146 40 3
147 58 -57
148 38 -50
149 -37 -15
150 1 -20
151 43 -19
152 -40 88
153 -50 31
154 1 12
155 61 26
156 28 -79
157 -60 5
158 -11 17
159 -13 -33
160 19 27
161 -97 -34
162 72 -3
163 86 51
164 76 -64
165 -36 -96
166 -24 -35
167 -65 -91
168 -83 -30
169 86 -13
170 -62 -1
171 38 85
172 12 -50
173 49 19
174 -38 -47
175 54 -79
176 62 96
177 66 73
178 -24 -23
179 9 62
180 -99 -2
181 54 -36
182 -52 56
183 -50 -38
184 86 -69
185 -13 -82
186 30 -100
187 -72 -81
188 88 -83
189 54 22
190 48 -33
191 -12 23
192 -18 -57
193 -58 -20
194 -2 -39
195 32 40
196 61 -77
197 -14 39
198 44 -26
199 37 55
200 -100 -13
201 33 -69
202 66 35
203 -10 62
204 67 47
205 84 -41
206 22 87
207 -86 33
208 -91 -69
209 82 -95
210 14 69
211 63 24
212 -1 47
213 -43 6
214 13 -12
215 -25 14
216 -20 99
217 22 -40
218 34 -43
219 56 46
220 52 -21
221 12 51
222 -23 -27
223 -82 73
224 -91 52
225 30 13
226 -9 32
227 -59 -70
228 24 -92
229 31 -82
230 -22 83
231 -52 -22
232 -29 -31
233 78 23
234 -36 53
235 99 52
236 -26 -65
237 -48 -66
238 -43 -89
239 -53 -74
240 29 -17
241 -3 60
242 58 61
243 -77 48
244 57 -8
245 36 25
246 25 37
247 -32 69
248 -69 -67
249 -20 -93
250 -6 -6
251 8 -45
252 53 78
253 -61 -45
254 -20 -94
255 73 12
256 61 5
257 -11 94
258 -15 -13
259 19 10
260 -54 -70
261 65 72
262 -83 -27
263 -74 36
264 67 -18
265 -97 -77
266 31 -61
267 32 -66
268 74 -59
269 -93 80
270 22 67
271 -33 51
272 18 -77
273 64 -80
274 -52 -26
275 -17 43
276 13 69
277 60 -37
278 29 35
279 -62 -21
280 51 2
281 -12 97
282 -97 49
283 81 21
284 73 -45
285 -81 -57
286 -20 39
287 87 -21
288 62 -86
289 -47 93
290 9 -95
291 -12 -8
292 98 -40
293 9 61
294 -22 -32
295 5 -62
296 -97 27
297 -72 -81
298 -22 -30
299 48 69
300 -58 -58
301 -53 92
302 -46 -61
303 -38 74
304 82 -19
305 1 14
306 -19 -56
307 70 46
308 -86 95
309 98 42
310 -60 -81
311 -57 4
312 49 80
313 -60 52
314 10 67
315 -100 -8
316 -34 -16
317 51 -33
318 58 -5
319 -62 59
320 97 34
321 79 97
322 67 90
323 57 58
324 57 -18
325 -95 -17
326 -29 -95
327 28 -78
328 98 42
329 -58 -26
330 99 10
331 -36 -86
332 -19 -92
333 -52 96
334 -7 2
335 88 19
336 57 -61
337 45 6
338 -60 -54
339 37 59
340 -77 -19
341 94 -73
342 62 17
343 -80 -39
344 56 28
345 -32 -85
346 -48 63
347 59 -14
348 -30 64
349 15 58
350 42 60
351 -35 -46
352 -6 -15
353 25 -68
354 -41 -79
355 81 52
356 -95 -17
357 -49 17
358 15 -64
359 -49 64
360 88 87
361 -60 64
362 -66 73
363 -34 94
364 -21 -41
365 -64 -24
366 30 78
367 -83 -37
368 -85 39
369 33 -24
370 91 88
371 -99 34
372 46 15
373 -91 68
374 12 -59
375 70 -67
376 12 51
377 70 54
378 19 0
379 -80 20
380 -81 31
381 52 -100
382 85 5
383 -78 -74
384 -34 87
385 2 76
386 2 75
387 72 -100
388 85 5
389 -83 18
390 63 -3
391 -19 -63
392 -12 -98
393 63 78
394 -92 -38
395 43 15
396 19 -88
397 -43 -41
398 -65 -99
399 49 -59
400 -7 82
401 2 24
402 39 94
403 31 37
404 79 69
405 69 -86
406 -17 1
407 57 21
408 -51 15
409 12 83
410 41 -57
411 -82 -97
412 -56 86
413 -44 -11
414 17 12
415 64 83
416 56 76
417 -75 80
418 95 56
419 -3 -7
420 -29 -74
421 99 -62
422 -7 29
423 -68 -83
424 -45 36
425 -91 20
426 -11 65
427 -1 -51
428 64 -2
429 -20 52
430 37 -59
431 -81 -34
432 -96 85
433 -43 6
434 -24 76
435 25 -7
436 -83 -82
437 12 15
438 -56 79
439 10 14
440 54 -61
441 -67 80
442 2 -56
443 -6 90
444 -23 75
445 -84 -4
446 -24 45
447 55 -71
448 -94 32
449 -67 7
450 -29 25
451 41 -22
452 -90 16
453 3 -30
454 -47 83
455 -95 84
456 88 65
457 97 -2
458 -93 -61
459 64 60
460 -10 -33
461 -71 0
462 60 -71
463 -84 -28
464 -37 -18
465 9 11
466 46 -98
467 -57 -71
468 -3 55
469 69 85
470 41 -77
471 36 -7
472 70 -69
473 8 10
474 47 -43
475 -79 67
476 68 -27
477 -84 -97
478 -5 -60
479 18 81
480 -1 -69
481 -93 71
482 -26 -7
483 -62 85
484 21 68
485 -100 -48
486 -31 78
487 -82 -33
488 30 36
489 30 29
490 20 6
491 24 -95
492 -40 41
493 43 -28
494 85 -61
495 33 -43
496 -63 88
497 -15 10
498 -84 65
499 -82 -24
500 92 23
501 88 78
502 -43 68
503 -2 89
504 -46 49
505 -27 59
506 10 88
507 -39 93
508 6 -99
509 10 32
510 50 66
511 99 -18
512 -66 43
513 -85 -19
514 -8 8
515 -50 65
516 17 -46
517 37 97
518 17 45
519 48 -8
520 -57 53
521 -82 -64
522 66 74
523 46 -52
524 27 -9
525 -97 -86
526 -45 -15
527 25 -74
528 23 6
529 44 13
530 53 -84
531 -4 45
532 -1 8
533 -59 -44
534 -49 -37
535 -24 60
536 -47 -82
537 -12 96
538 47 63
539 15 -41
540 96 67
541 54 -100
542 4 -64
543 9 -69
544 28 10
545 -27 -90
546 -99 -66
547 39 -74
548 -44 -28
549 36 -42
550 33 -10
551 96 -37
552 -85 -57
553 61 -63
554 97 29
555 -22 60
556 91 -16
557 17 85
558 -38 -5
559 -59 -38
560 98 -91
561 28 41
562 89 -34
563 58 -82
564 -21 -39
565 39 -25
566 -74 -43
567 26 6
568 70 -10
569 85 -39
570 -26 -28
571 -66 98
572 -68 13
573 -81 16
574 17 53
575 64 60
576 -69 -26
577 -41 23
578 62 -45
579 -27 49
580 -16 43
581 57 35
582 89 -97
583 33 33
584 58 -90
585 -85 72
586 10 80
587 88 25
588 74 29
589 8 -25
590 -54 -58
591 0 25
592 -3 78
593 -56 52
594 97 -98
595 44 15
596 -84 -64
597 76 31
598 14 -1
599 -91 -72
600 79 -15
601 58 6
602 38 92
603 -50 -50
604 -15 33
605 48 -68
606 46 98
607 2 -58
608 -58 -68
609 -63 -90
610 59 81
611 35 55
612 -34 -1
613 55 -27
614 -97 -44
615 -89 -25
616 19 -20
617 -4 61
618 -17 93
619 87 5
620 28 93
621 -34 -36
622 -46 11
623 68 -82
624 34 33
625 -12 -18
626 -39 98
627 -31 98
628 50 -97
629 -60 -62
630 -64 77
631 -54 -71
632 22 -27
633 12 -34
634 1 41
635 59 -51
636 -56 32
637 -18 65
638 15 -29
639 0 54
640 31 36
641 39 -30
642 68 28
643 -87 20
644 -90 -2
645 -89 -21
646 53 49
647 -32 50
648 46 -63
649 41 81
650 98 1
651 16 93
652 74 -61
653 -62 29
654 16 4
655 -18 -22
656 2 -15
657 6 -1
658 -63 76
659 -40 94
660 -41 91
661 -44 -97
662 29 -21
663 -4 -5
664 -37 31
665 -81 -22
666 30 19
667 56 -71
668 -81 46
669 -4 29
670 -10 -16
671 -96 6
672 -85 32
673 77 -33
674 -58 68
675 13 69
676 76 46
677 21 -94
678 -55 12
679 -37 -6
680 42 42
681 -35 84
682 -16 -96
683 48 82
684 29 -24
685 -21 -9
686 -21 31
687 4 74
688 87 49
689 88 97
690 2 -72
691 -48 -6
692 -82 -51
693 2 83
694 98 49
695 84 6
696 -18 -99
697 86 47
698 -82 -81
699 -79 -90
700 83 94
701 38 65
702 -12 -79
703 -11 -56
704 -58 46
705 -81 -5
706 24 -34
707 92 14
708 -11 70
709 66 -66
710 2 65
711 84 80
712 -8 72
713 -92 -23
714 45 56
715 55 67
716 28 77
717 -87 7
718 -11 -13
719 -94 96
720 59 -43
721 40 -49
722 29 -12
723 82 -84
724 -91 -29
725 -43 -52
726 -47 86
727 8 -82
728 -91 58
729 -28 15
730 -88 -88
731 -2 -15
732 91 -48
733 67 46
734 -48 -16
735 -76 -98
736 64 69
737 -25 -56
738 -76 33
739 -50 -96
740 90 92
741 -32 -27
742 -1 7
743 13 41
744 -31 94
745 -2 31
746 -86 -10
747 84 47
748 58 -46
749 -40 -23
750 20 -65
751 63 25
752 -53 -46
753 -17 -16
754 11 -37
755 93 -24
756 7 -32
757 25 -80
758 43 -75
759 86 -17
760 38 -74
761 -23 -43
762 86 -7
763 88 -27
764 85 27
765 -15 70
766 -27 73
767 -17 54
768 -72 43
769 -74 -56
770 -77 -71
771 -71 -95
772 -99 -79
773 -77 45
774 65 63
775 -97 33
776 -33 76
777 38 -6
778 58 6
779 38 53
780 -34 -91
781 -1 83
782 78 -77
783 -98 34
784 84 70
785 92 -100
786 98 42
787 -41 9
788 96 -28
789 -44 64
790 -31 -58
791 8 -79
792 24 52
793 2 -4
794 -66 89
795 96 22
796 -96 -28
797 77 -87
798 29 -54
799 -73 78
800 -81 -12
801 61 94
802 70 -97
803 34 25
804 17 -72
805 -3 -15
806 -51 73
807 -16 -77
808 1 -23
809 -41 -75
810 20 6
811 0 95
812 73 -30
813 95 25
814 64 -55
815 79 49
816 -55 -22
817 45 80
818 -19 13
819 -50 20
820 -83 77
821 79 -95
822 -9 11
823 -28 -70
824 88 54
825 12 -48
826 86 -99
827 -42 13
828 88 65
829 -79 0
830 -93 -91
831 60 -29
832 -52 47
833 -60 70
834 -72 3
835 42 87
836 -74 38
837 -92 42
838 26 -6
839 3 -38
840 97 65
841 37 -90
842 32 27
843 63 -57
844 -80 -68
845 92 15
846 -8 50
847 13 -92
848 -83 7
849 57 43
850 -30 1
851 -98 -16
852 -88 25
853 -74 -52
854 93 15
855 86 -6
856 -38 58
857 3 -59
858 -29 50
859 38 21
860 84 96
861 50 96
862 11 -74
863 -6 -24
864 -76 -100
865 25 -82
866 37 60
867 92 -5
868 63 -48
869 98 -93
870 0 14
871 -50 4
872 -55 -3
873 -47 34
874 -53 -29
875 36 -34
876 68 -65
877 58 -27
878 51 -94
879 72 85
880 -70 50
881 -77 93
882 90 67
883 57 1
884 66 -93
885 -22 -82
886 52 31
887 -79 -30
888 46 -55
889 50 -86
890 72 60
891 -71 52
892 -37 -42
893 -51 1
894 -99 18
895 44 57
896 -21 -88
897 77 50
898 -10 -43
899 14 -22
900 39 51
901 67 -61
902 93 17
903 14 -63
904 -87 -12
905 26 5
906 -45 58
907 -88 -31
908 21 -29
909 29 31
910 17 -45
911 -1 -53
912 -37 21
913 39 40
914 54 -30
915 79 -11
916 31 -28
917 -26 -80
918 93 89
919 59 45
920 44 -88
921 -13 13
922 91 -62
923 1 21
924 99 7
925 -71 -81
926 27 82
927 60 -16
928 -48 20
929 76 -29
930 78 74
931 -17 43
932 8 -63
933 74 83
934 -16 92
935 -24 31
936 11 83
937 87 5
938 67 86
939 -45 -76
940 -80 -82
941 40 -54
942 -59 60
943 61 49
944 11 89
945 68 -28
946 -88 -12
947 67 70
948 28 44
949 -95 54
950 -36 17
951 -64 -93
952 -69 -3
953 7 44
954 95 -46
955 16 -35
956 -36 51
957 -50 60
958 -67 -63
959 2 48
960 -24 -76
961 -28 -6
962 -77 -97
963 19 -77
964 -84 -84
965 77 -78
966 80 1
967 60 2
968 81 33
969 -85 43
970 -48 -83
971 53 -44
972 -27 3
973 -92 -40
974 -63 -93
975 36 -9
976 -58 -43
977 -22 -61
978 -55 42
979 83 -73
980 78 -16
981 27 78
982 -23 -7
983 -16 63
984 91 48
985 78 0
986 -79 58
987 -4 -42
988 -29 -85
989 -79 20
990 95 -42
991 86 -91
992 -21 -15
993 80 23
994 -77 20
995 -43 -61
996 49 87
997 65 68
998 -11 74
999 79 79
1000 -82 -55
1001 -31 -11
1002 -72 -64
1003 -31 -17
1004 61 -81
1005 68 -70
1006 20 -37
1007 -68 20
1008 -3 18
1009 -1 92
1010 13 60
1011 39 -30
1012 -10 39
1013 50 -67
1014 93 27
1015 69 -4
1016 -64 -58
1017 2 49
1018 88 -3
1019 80 -57
1020 -85 -4
1021 62 -97
1022 52 -74
1023 18 -14
1024 55 -55
1025 -30 70
1026 -25 87
1027 -34 -43
1028 5 98
1029 98 -12
1030 -14 -64
1031 -10 -67
1032 -50 -29
1033 94 -22
1034 61 -18
1035 31 99
1036 37 -44
1037 76 -84
1038 98 36
1039 17 -37
1040 -79 -36
1041 -22 48
1042 -43 98
1043 -80 -51
1044 75 -56
1045 -56 89
1046 -1 -8
1047 56 79
1048 -95 29
1049 53 -20
1050 -68 -61
1051 25 -28
1052 13 -30
1053 -68 -81
1054 -90 -51
1055 -41 69
1056 -19 34
1057 -34 -79
1058 58 42
1059 75 -49
1060 -49 45
1061 2 16
1062 -63 41
1063 0 -55
1064 -1 96
1065 -90 -32
1066 82 -64
1067 -69 82
1068 39 -95
1069 -66 87
1070 65 -100
1071 -62 26
1072 85 -25
1073 8 64
1074 -75 34
1075 -80 -37
1076 54 2
1077 -71 -13
1078 36 -92
1079 -66 71
1080 69 87
1081 20 -87
1082 -62 91
1083 86 -56
1084 3 -16
1085 -18 53
1086 7 88
1087 -15 -50
1088 6 76
1089 31 62
1090 -67 36
1091 -81 64
1092 76 47
1093 14 -20
1094 -93 43
1095 -55 30
1096 70 -38
1097 -83 78
1098 -20 -76
1099 -12 94
1100 -12 -36
1101 -39 41
1102 -48 -33
1103 55 65
1104 -84 79
1105 80 60
1106 -23 -28
1107 38 -67
1108 68 56
1109 -63 -9
1110 -24 6
1111 -64 59
1112 -61 52
1113 83 -55
1114 71 7
1115 70 -18
1116 -12 36
1117 -27 68
1118 -25 -22
1119 11 8
1120 91 48
1121 -36 -72
1122 63 -15
1123 -48 -3
1124 23 83
1125 -90 23
1126 86 96
1127 17 82
1128 -73 1
1129 1 -1
1130 -16 10
1131 94 8
1132 -92 -3
1133 -28 41
1134 98 70
1135 58 -11
1136 -56 29
1137 -1 28
1138 -58 -92
1139 96 54
1140 -1 -15
1141 21 87
1142 -3 -54
1143 -5 -9
1144 -81 -9
1145 40 73
1146 76 -88
1147 -77 -19
1148 54 56
1149 -81 -35
1150 -88 11
1151 -1 53
1152 -76 20
1153 -21 -43
1154 -3 89
1155 40 -81
1156 4 47
1157 99 99
1158 88 -94
1159 -90 61
1160 -98 81
1161 22 7
1162 -71 84
1163 12 -68
1164 5 -83
1165 73 -14
1166 89 31
1167 41 88
1168 86 68
1169 62 77
1170 67 -62
1171 93 -71
1172 51 21
1173 -31 -71
1174 -88 -76
1175 -7 47
1176 45 -43
1177 -37 -69
1178 89 91
1179 24 -60
1180 -93 -54
1181 52 -21
1182 -85 -47
1183 -71 72
1184 -94 -89
1185 -87 -80
1186 -57 -67
1187 94 63
1188 87 -8
1189 55 7
1190 14 -17
1191 -81 -20
1192 24 -74
1193 40 31
1194 -32 10
1195 99 94
1196 -56 22
1197 69 20
1198 -15 13
1199 -86 -3
1200 -9 -3
1201 -77 -99
1202 -89 -28
1203 3 11
1204 -37 -1
1205 -57 -4
1206 -64 -84
1207 25 24
1208 -73 -29
1209 55 89
1210 13 -2
1211 3 -5
1212 -89 -82
1213 76 21
1214 -36 -27
1215 -23 -26
1216 -22 -42
1217 -85 -83
1218 -40 -82
1219 -31 -49
1220 22 -72
1221 -32 69
1222 -34 2
1223 57 -73
1224 97 -56
1225 -7 -86
1226 58 -76
1227 84 93
1228 93 27
1229 89 92
1230 -4 82
1231 -53 90
1232 -79 69
1233 -82 78
1234 -100 7
1235 -37 -91
1236 -98 3
1237 -33 -16
1238 -70 34
1239 -71 9
1240 -39 48
1241 24 -81
1242 79 -37
1243 15 -47
1244 -26 -78
1245 -76 33
1246 -72 -24
1247 55 40
1248 81 -23
1249 48 -4
1250 -17 79
1251 -74 -11
1252 80 -16
1253 -88 -45
1254 57 -1
1255 63 -41
1256 -3 -20
1257 31 47
1258 -43 -72
1259 -90 57
1260 -47 64
1261 4 78
1262 -17 30
1263 80 25
1264 47 26
1265 3 52
1266 85 32
1267 -75 -19
1268 21 -66
1269 -62 -5
1270 -49 -40
1271 -4 74
1272 -41 64
1273 -65 48
1274 45 -92
1275 -18 53
1276 -33 90
1277 -58 19
1278 -25 -52
1279 -94 -50
1280 3 -14
1281 7 -70
1282 96 -90
1283 -27 64
1284 -46 -50
1285 -75 -77
1286 89 14
1287 6 93
1288 -32 29
1289 18 18
1290 -5 -68
1291 80 39
1292 -56 50
1293 -16 95
1294 -11 5
1295 -95 -27
1296 -72 88
1297 92 64
1298 52 -35
1299 77 -52
1300 -9 -30
1301 -7 -5
1302 82 -41
1303 63 52
1304 -16 -51
1305 -49 46
1306 30 -13
1307 54 -30
1308 6 68
1309 86 -54
1310 25 -22
1311 -26 49
1312 -55 52
1313 94 -99
1314 22 41
1315 -60 -98
1316 51 -30
1317 -74 -76
1318 39 -15
1319 56 84
1320 86 31
1321 10 -60
1322 -46 -41
1323 43 40
1324 -67 21
1325 -42 84
1326 -21 31
1327 22 -87
1328 95 44
1329 -50 -70
1330 -36 62
1331 -70 43
1332 -92 -51
1333 94 -41
1334 -39 30
1335 30 -79
1336 -89 -99
1337 -41 93
1338 67 -66
1339 -6 85
1340 -91 -46
1341 67 -100
1342 -18 -45
1343 23 -80
1344 47 -87
1345 -72 95
1346 -65 26
1347 19 -77
1348 1 67
1349 -68 -95
1350 -36 -17
1351 -21 2
1352 91 -63
1353 73 -23
1354 -29 28
1355 -55 61
1356 -51 -36
1357 -79 -90
1358 94 -71
1359 -40 52
1360 26 74
1361 12 -53
1362 1 34
1363 86 -15
1364 -18 -65
1365 -8 -100
1366 -98 -11
1367 21 26
1368 74 -36
1369 -91 -55
1370 -18 -55
1371 48 -82
1372 68 -33
1373 46 70
1374 5 9
1375 -71 -28
1376 6 -21
1377 -21 -10
1378 70 -68
1379 -99 -44
1380 -50 -12
1381 95 -64
1382 -64 -56
1383 59 60
1384 42 -6
1385 -65 29
1386 -81 -86
1387 -30 -20
1388 -74 -7
1389 -22 -66
1390 88 -85
1391 79 72
1392 -94 -81
1393 -6 22
1394 -90 -70
1395 55 42
1396 -37 53
1397 95 93
1398 -50 12
1399 82 24
1400 7 86
1401 -73 -90
1402 -27 -1
1403 -47 -9
1404 -92 98
1405 -36 -24
1406 54 66
1407 -33 -65
1408 8 -78
1409 -71 -83
1410 49 -64
1411 49 12
1412 39 -8
1413 -35 -35
1414 -81 -24
1415 -70 14
1416 11 53
1417 27 -98
1418 87 69
1419 -2 6
1420 65 -98
1421 13 -89
1422 66 -22
1423 88 -3
1424 -15 59
1425 -15 -73
1426 -18 64
1427 75 -30
1428 -64 15
1429 -30 81
1430 -67 87
1431 -28 32
1432 68 50
1433 64 -100
1434 -61 -35
1435 -53 39
1436 23 22
1437 -49 47
1438 22 38
1439 45 -40
1440 4 68
1441 79 -41
1442 91 -98
1443 -69 47
1444 78 -44
1445 66 -29
1446 -2 17
1447 -27 77
1448 29 81
1449 -57 -84
1450 14 87
1451 -42 -80
1452 12 45
1453 3 59
1454 12 -73
1455 47 -3
1456 70 -90
1457 -24 -35
1458 -92 -88
1459 40 65
1460 18 -83
1461 -78 82
1462 -1 75
1463 -60 -94
1464 -51 -27
1465 -83 41
1466 -6 29
1467 46 16
1468 10 59
1469 47 -55
1470 -2 -29
1471 -66 50
1472 8 -32
1473 1 -12
1474 -60 -92
1475 69 17
1476 -60 -23
1477 -3 -4
1478 65 -25
1479 21 36
1480 5 -3
1481 10 -62
1482 -90 -94
1483 -97 -59
1484 -37 60
1485 55 -52
1486 -35 -5
1487 -34 -54
1488 83 -29
1489 -26 -70
1490 -26 52
1491 65 -59
1492 4 0
1493 0 -83
1494 -69 -50
1495 50 -66
1496 -62 -90
1497 40 -99
1498 61 95
1499 40 2
1500 -35 -40
1501 -76 -20
1502 -47 21
1503 -49 45
1504 -89 -49
1505 13 -7
1506 -99 -10
1507 -39 52
1508 31 -31
1509 34 9
1510 5 85
1511 -91 -87
1512 -91 20
1513 -91 -46
1514 55 -35
1515 -15 87
1516 31 71
1517 65 -86
1518 28 -15
1519 88 82
1520 -52 55
1521 -94 80
1522 36 -44
1523 -67 48
1524 49 87
1525 -31 -8
1526 -40 -70
1527 96 -21
1528 -50 -90
1529 -30 32
1530 11 96
1531 90 45
1532 66 25
1533 62 -71
1534 24 -53
1535 -76 -54
1536 -20 51
1537 -40 50
1538 79 -71
1539 -24 53
1540 -13 -39
1541 5 67
1542 95 92
1543 27 0
1544 75 -14
1545 64 17
1546 -86 -45
1547 -29 -48
1548 64 -40
1549 -86 -89
1550 -7 -97
1551 -77 1
1552 62 -78
1553 -89 8
1554 69 -55
1555 -1 -80
1556 33 17
1557 -55 -51
1558 -10 -78
1559 50 73
1560 98 -38
1561 -46 -62
1562 -18 6
1563 -69 -75
1564 -20 -92
1565 85 19
1566 -85 -35
1567 -41 -17
1568 -63 -96
1569 -95 72
1570 80 -82
1571 30 29
1572 86 44
1573 84 -3
1574 -90 -79
1575 61 42
1576 9 -60
1577 -87 -69
1578 48 85
1579 -82 -45
1580 90 86
1581 -72 61
1582 -41 79
1583 -96 -32
1584 -43 61
1585 -89 -14
1586 -83 77
1587 92 80
1588 32 25
1589 -49 38
1590 22 34
1591 -85 -42
1592 -53 -57
1593 -91 75
1594 -48 -72
1595 35 -48
1596 85 49
1597 81 94
1598 89 69
1599 -31 -94
1600 39 15
1601 -61 -52
1602 -91 -26
1603 25 31
1604 -52 -67
1605 -1 -77
1606 33 -20
1607 33 -44
1608 71 69
1609 14 -84
1610 69 -71
1611 -84 -71
1612 -74 59
1613 1 -33
1614 96 98
1615 90 62
1616 -44 -55
1617 99 -93
1618 -6 66
1619 -51 72
1620 18 -22
1621 27 -81
1622 29 11
1623 19 5
1624 -84 24
1625 -77 -80
1626 -45 -48
1627 -64 10
1628 -1 -90
1629 -79 -50
1630 73 -43
1631 35 -51
1632 -58 36
1633 67 -12
1634 -19 26
1635 62 -96
1636 20 42
1637 -2 -9
1638 2 97
1639 0 14
1640 -60 96
1641 -50 -29
1642 74 70
1643 7 -97
1644 -92 -12
1645 7 -17
1646 44 98
1647 98 -40
1648 42 -23
1649 76 93
1650 44 -70
1651 -76 -10
1652 62 -82
1653 -1 13
1654 54 44
1655 -92 1
1656 10 7
1657 -90 77
1658 -94 -36
1659 -25 -28
1660 -72 63
1661 -21 92
1662 -82 -22
1663 -41 21
1664 43 -62
1665 49 -75
1666 -80 7
1667 69 -91
1668 72 60
1669 9 56
1670 -30 94
1671 -52 -37
1672 -20 -95
1673 73 -63
1674 88 -79
1675 -47 -23
1676 -98 4
1677 64 81
1678 51 -69
1679 -28 -17
1680 58 78
1681 69 16
1682 95 83
1683 -19 -98
1684 37 -99
1685 -95 -54
1686 55 18
1687 -99 -67
1688 14 -85
1689 12 -88
1690 5 -78
1691 32 21
1692 84 -29
1693 -78 16
1694 42 88
1695 -43 40
1696 -12 -75
1697 97 -8
1698 -76 32
1699 -32 -4
1700 24 70
1701 -1 87
1702 -84 -94
1703 22 -17
1704 2 30
1705 -34 35
1706 19 -41
1707 77 36
1708 -55 -53
1709 31 23
1710 60 64
1711 -41 49
1712 43 -36
1713 58 29
1714 21 9
1715 -92 82
1716 46 -85
1717 -13 34
1718 22 45
1719 5 78
1720 49 39
1721 -86 -88
1722 22 22
1723 -80 -72
1724 -53 -40
1725 -53 77
1726 -100 45
1727 36 60
1728 10 50
1729 -56 51
1730 -52 92
1731 61 93
1732 21 -17
1733 89 4
1734 71 -57
1735 -87 -1
1736 41 53
1737 73 -80
1738 50 -53
1739 -74 -79
1740 -56 29
1741 -18 -40
1742 -38 -69
1743 82 -100
1744 -22 27
1745 -77 72
1746 0 54
1747 29 57
1748 77 -80
1749 -10 -62
1750 32 16
1751 -44 -96
1752 -53 47
1753 -65 -53
1754 72 16
1755 -90 -37
1756 23 -77
1757 6 18
1758 10 1
1759 31 -11
1760 1 88
1761 -75 -56
1762 -81 -59
1763 99 87
1764 -77 -84
1765 -58 29
1766 57 88
1767 -12 28
1768 -28 -23
1769 -87 15
1770 96 35
1771 -72 62
1772 17 60
1773 -52 -23
1774 -53 -89
1775 -54 -24
1776 -11 -100
1777 37 44
1778 -10 -88
1779 84 -95
1780 48 -52
1781 -77 56
1782 -27 -20
1783 5 35
1784 34 78
1785 -55 -68
1786 -13 -85
1787 -7 65
1788 59 -37
1789 26 -41
1790 92 21
1791 39 -88
1792 69 66
1793 -61 56
1794 -50 43
1795 -63 -40
1796 -7 -93
1797 67 48
1798 11 -28
1799 -11 -64
1800 -46 13
1801 43 -32
1802 65 -86
1803 88 -27
1804 7 71
1805 84 -74
1806 -14 25
1807 -87 -74
1808 8 -89
1809 86 7
1810 -60 49
1811 -15 91
1812 41 85
1813 39 -20
1814 -52 45
1815 -46 -13
1816 74 -11
1817 -96 -22
1818 78 -29
1819 -54 54
1820 77 65
1821 -51 -22
1822 58 -89
1823 73 67
1824 93 40
1825 -60 0
1826 -15 82
1827 96 5
1828 -72 51
1829 27 79
1830 -25 8
1831 -76 62
1832 17 -3
1833 -48 96
1834 21 34
1835 -52 -63
1836 64 -69
1837 29 -26
1838 0 -94
1839 -68 30
1840 -89 71
1841 -14 8
1842 5 53
1843 -99 92
1844 -7 -2
1845 -50 -74
1846 43 -34
1847 -21 -31
1848 41 -13
1849 60 -39
1850 58 77
1851 -54 -42
1852 -9 -97
1853 35 -47
1854 -48 21
1855 -95 -79
1856 19 97
1857 67 3
1858 -79 16
1859 -43 63
1860 -5 -40
1861 3 -78
1862 -16 -78
1863 -7 -2
1864 52 -40
1865 33 -88
1866 -55 70
1867 71 -66
1868 25 -72
1869 -83 1
1870 -82 48
1871 39 72
1872 -7 -71
1873 6 46
1874 -2 76
1875 -52 -76
1876 -70 97
1877 65 -2
1878 -27 -77
1879 74 -31
1880 9 -63
1881 1 92
1882 87 92
1883 75 48
1884 -75 33
1885 78 92
1886 -2 55
1887 45 47
1888 20 31
1889 28 -46
1890 15 47
1891 99 75
1892 -89 8
1893 82 -52
1894 -95 -27
1895 60 1
1896 -47 48
1897 92 80
1898 -54 47
1899 84 1
1900 -47 57
1901 20 65
1902 97 -45
1903 25 -25
1904 -48 -82
1905 78 42
1906 -5 19
1907 53 62
1908 -62 25
1909 80 -22
1910 -91 27
1911 43 52
1912 72 -23
1913 39 50
1914 62 64
1915 0 72
1916 46 -73
1917 -99 57
1918 -74 -67
1919 77 56
1920 82 7
1921 96 86
1922 -5 -82
1923 -94 33
1924 94 -71
1925 42 21
1926 67 5
1927 -9 26
1928 -86 67
1929 93 20
1930 16 75
1931 12 -13
1932 18 -95
1933 96 -33
1934 18 95
1935 36 -96
1936 47 -77
1937 -5 2
1938 30 56
1939 -43 54
1940 -29 -95
1941 56 33
1942 -79 78
1943 -96 -60
1944 36 -26
1945 43 -42
1946 -60 -43
1947 -60 -93
1948 95 8
1949 -32 -11
1950 -79 38
1951 -85 99
1952 -7 38
1953 73 43
1954 -91 89
1955 96 -43
1956 10 -62
1957 -51 10
1958 -81 78
1959 -35 39
1960 -100 55
1961 31 -56
1962 -49 -23
1963 63 -10
1964 83 -12
1965 6 -79
1966 -13 67
1967 32 32
1968 90 56
1969 -61 -17
1970 -95 -39
1971 -70 46
1972 -22 -15
1973 48 -99
1974 -92 30
1975 88 -84
1976 -58 29
1977 -11 -34
1978 -93 71
1979 47 -84
1980 74 -17
1981 60 21
1982 -18 74
1983 70 42
1984 6 16
1985 20 -38
1986 39 82
1987 34 39
1988 24 84
1989 65 66
1990 28 61
1991 -18 -47
1992 -1 -10
1993 78 58
1994 -22 -35
1995 25 -81
1996 -91 -77
1997 8 21
1998 0 8
1999 -36 4
2000 15 -94
2001 -5 -9
2002 -91 26
2003 -23 -40
2004 95 49
2005 41 -78
2006 -95 81
2007 -13 -87
2008 -99 7
2009 -78 91
2010 95 -89
2011 -37 -60
2012 90 1
2013 -47 15
2014 -27 -88
2015 -62 -85
2016 20 -39
2017 -50 22
2018 -34 90
2019 -57 72
2020 -87 18
2021 62 29
2022 24 2
2023 -87 -73
2024 36 -5
2025 19 93
2026 -14 -28
2027 8 3
2028 42 -46
2029 0 8
2030 -27 61
2031 86 82
2032 10 25
2033 2 43
2034 31 64
2035 46 -89
2036 -36 -51
2037 78 -23
2038 -51 34
2039 16 -12
2040 -13 -75
2041 79 78
2042 -8 -55
2043 29 -53
2044 52 46
2045 80 -88
2046 -11 34
2047 -1 -49
2048 31 79
2049 -82 98
2050 -100 -31
2051 -4 72
2052 48 8
2053 29 -64
2054 -6 -69
2055 -46 -92
2056 38 -88
2057 -79 -53
2058 82 -92
2059 -11 -35
2060 96 -45
2061 90 84
2062 83 34
2063 21 29
2064 49 27
2065 45 -31
2066 15 17
2067 -13 -83
2068 29 -94
2069 -71 84
2070 16 -8
2071 53 21
2072 -9 72
2073 -27 -24
2074 13 -49
2075 -32 23
2076 -11 52
2077 -98 45
2078 -22 11
2079 88 -87
2080 87 99
2081 -13 66
2082 -15 84
2083 -8 -80
2084 24 -97
2085 18 75
2086 78 5
2087 49 3
2088 1 -31
2089 -7 -89
2090 -40 -56
2091 -84 -3
2092 -42 -78
2093 79 63
2094 14 42
2095 39 -83
2096 -82 -84
2097 97 16
2098 -95 86
2099 -65 6
2100 -21 -47
2101 52 9
2102 33 -8
2103 44 84
2104 -97 -1
2105 -57 -91
2106 -82 76
2107 52 42
2108 83 89
2109 8 -38
2110 -95 29
2111 6 82
2112 -36 0
2113 57 62
2114 8 -68
2115 -2 15
2116 -67 86
2117 32 -93
2118 -8 6
2119 64 66
2120 -22 95
2121 59 -85
2122 -1 30
2123 99 -58
2124 -37 -46
2125 33 -84
2126 -22 72
2127 1 50
2128 46 69
2129 -55 -67
2130 35 82
2131 -25 71
2132 -100 27
2133 75 -69
2134 -57 45
2135 -51 -24
2136 -76 41
2137 84 -91
2138 70 -10
2139 -17 34
2140 0 14
2141 -1 -47
2142 -2 -18
2143 -64 -40
2144 -16 82
2145 -40 22
2146 -39 31
2147 -70 -5
2148 20 88
2149 -86 71
2150 54 67
2151 98 18
2152 -96 -43
2153 91 36
2154 87 -8
2155 79 -44
2156 -14 11
2157 32 -79
2158 -17 -79
2159 -28 18
2160 -10 15
2161 47 -39
2162 -16 27
2163 -86 -7
2164 10 -11
2165 -11 81
2166 -25 11
2167 79 32
2168 15 80
2169 -52 -59
2170 -10 0
2171 -28 92
2172 -98 -96
2173 -64 50
2174 98 -91
2175 -88 -2
2176 16 -4
2177 -20 -61
2178 -80 37
2179 -66 -23
2180 -58 -2
2181 -75 -2
2182 -97 97
2183 81 74
2184 31 99
2185 5 2
2186 73 -70
2187 -73 90
2188 -58 55
2189 -41 -21
2190 -10 -36
2191 -6 0
2192 -23 90
2193 -35 79
2194 -69 40
2195 11 78
2196 46 71
2197 98 92
2198 -26 73
2199 88 -96
2200 -77 -39
2201 -81 99
2202 4 9
2203 25 -15
2204 -32 -11
2205 96 -35
2206 -23 54
2207 87 78
2208 -97 25
2209 -79 -88
2210 32 -98
2211 42 90
2212 -13 26
2213 55 -98
2214 -68 -66
2215 16 -32
2216 66 -45
2217 -44 -72
2218 -55 -5
2219 96 67
2220 -35 80
2221 10 42
2222 44 -54
2223 0 92
2224 83 -81
2225 89 49
2226 52 76
2227 -28 -79
2228 19 -72
2229 11 77
2230 53 22
2231 -47 -67
2232 72 27
2233 -1 -78
2234 -3 58
2235 33 8
2236 28 -47
2237 46 51
2238 -9 -100
2239 -54 -59
2240 -74 63
2241 -82 -88
2242 -55 67
2243 16 89
2244 82 -65
2245 9 -84
2246 83 -81
2247 -87 43
2248 27 -24
2249 69 -84
2250 46 -23
2251 -5 -75
2252 -14 -20
2253 -80 -2
2254 -71 20
2255 29 18
2256 82 -31
2257 51 90
2258 4 -59
2259 88 -95
2260 -89 9
2261 -60 -39
2262 -52 16
2263 24 9
2264 -61 -97
2265 -76 -86
2266 -69 -71
2267 -6 48
2268 -32 92
2269 25 65
2270 46 -83
2271 60 -38
2272 6 91
2273 -66 14
2274 -32 -77
2275 -62 -15
2276 -12 63
2277 -96 -63
2278 -63 -67
2279 76 69
2280 56 11
2281 -41 -74
2282 -4 14
2283 -14 52
2284 74 -98
2285 22 11
2286 15 -78
2287 -41 94
2288 49 77
2289 55 -43
2290 -18 -90
2291 -59 -84
2292 64 38
2293 26 -33
2294 -75 -43
2295 10 -66
2296 -85 55
2297 -92 -65
2298 58 33
2299 65 92
2300 4 -19
2301 39 -35
2302 1 26
2303 70 -35
2304 4 -91
2305 -12 -41
2306 -22 19
2307 -14 45
2308 -30 -58
2309 -39 57
2310 88 -82
2311 27 17
2312 -8 -13
2313 -5 59
2314 -86 -76
2315 -64 -85
2316 -88 63
2317 52 -99
2318 -30 75
2319 14 -62
2320 68 -40
2321 63 -85
2322 68 -50
2323 56 -4
2324 -32 -37
2325 64 15
2326 -28 -93
2327 -97 -15
2328 54 -79
2329 73 -86
2330 -70 -90
2331 -49 -20
2332 73 -27
2333 -53 14
2334 66 -15
2335 -25 -6
2336 28 -77
2337 89 27
2338 -45 11
2339 49 -59
2340 30 99
2341 -10 50
2342 -41 21
2343 43 -96
2344 59 -34
2345 -53 -52
2346 -98 -1
2347 -93 57
2348 -91 -18
2349 -58 -5
2350 -98 -59
2351 29 83
2352 87 -30
2353 86 -51
2354 -83 -24
2355 -70 -58
2356 -28 31
2357 -17 -70
2358 19 0
2359 -79 -48
2360 29 -57
2361 55 0
2362 -62 -74
2363 -9 -72
2364 -85 -68
2365 18 72
2366 -31 -47
2367 -62 -12
2368 -30 7
2369 63 88
2370 34 -6
2371 86 -18
2372 -64 -96
2373 76 -29
2374 -85 76
2375 -63 8
2376 -39 89
2377 65 59
2378 -14 -71
2379 44 61
2380 78 58
2381 -67 85
2382 58 -43
2383 73 -82
2384 -8 95
2385 60 -88
2386 37 -68
2387 18 -65
2388 -43 -27
2389 -37 -66
2390 -51 -81
2391 -88 -62
2392 94 -91
2393 11 -21
2394 -12 -21
2395 -98 -59
2396 62 -99
2397 -90 76
2398 -40 -100
2399 24 79
2400 -69 58
2401 79 -80
2402 -84 -75
2403 70 -71
2404 -29 29
2405 2 -88
2406 65 10
2407 12 58
2408 45 95
2409 91 48
2410 46 -7
2411 29 -88
2412 92 19
2413 -51 36
2414 -78 41
2415 75 -44
2416 49 -17
2417 -97 -9
2418 -60 92
2419 -78 68
2420 -62 -19
2421 -93 58
2422 77 89
2423 -25 -48
2424 -11 -49
2425 -70 -36
2426 -91 75
2427 -67 37
2428 -72 66
2429 -72 -4
2430 75 -66
2431 -93 29
2432 53 -55
2433 -37 -18
2434 7 -80
2435 18 53
2436 73 -78
2437 10 -36
2438 -15 71
2439 -65 -98
2440 -56 97
2441 -54 71
2442 10 10
2443 -54 73
2444 -50 -35
2445 -38 -26
2446 63 25
2447 92 -97
2448 -26 -22
2449 -96 31
2450 25 92
2451 44 -32
2452 33 -23
2453 -9 87
2454 -35 69
2455 -48 -43
2456 30 -75
2457 -48 78
2458 88 -65
2459 -81 -57
2460 99 -11
2461 -68 -58
2462 57 -57
2463 89 -53
2464 -71 6
2465 89 -93
2466 66 3
2467 -23 -49
2468 -48 77
2469 -62 -67
2470 -81 -41
2471 8 -19
2472 -87 -95
2473 44 38
2474 -28 -86
2475 -85 -62
2476 -41 61
2477 32 -65
2478 60 2
2479 10 -11
2480 -12 -57
2481 58 58
2482 79 -56
2483 -9 -74
2484 48 -99
2485 25 -90
2486 97 85
2487 -77 40
2488 80 50
2489 -72 52
2490 -2 -50
2491 75 -86
2492 -10 50
2493 48 -96
2494 71 -59
2495 -10 50
2496 -33 48
2497 44 75
2498 1 50
2499 1 68
2500 14 17
2501 90 -29
2502 -12 -95
2503 -59 -27
2504 37 92
2505 -46 -91
2506 -27 58
2507 90 -62
2508 -32 43
2509 -32 -71
2510 -4 -14
2511 -45 7
2512 11 75
2513 43 -51
2514 -59 -52
2515 -62 -70
2516 -51 -40
2517 -63 81
2518 -40 4
2519 26 -16
2520 9 -25
2521 -34 79
2522 86 -20
2523 -24 8
2524 57 6
2525 6 57
2526 -19 -29
2527 -28 -72
2528 -38 -17
2529 60 12
2530 -38 92
2531 -69 -11
2532 53 -77
2533 60 -87
2534 21 -91
2535 78 64
2536 -84 84
2537 20 -80
2538 -81 -25
2539 21 -70
2540 -1 -66
2541 -9 35
2542 41 -19
2543 49 77
2544 87 -91
2545 19 76
2546 44 -87
2547 -79 17
2548 -57 77
2549 -75 62
2550 20 -37
2551 86 48
2552 28 42
2553 41 -4
2554 51 -49
2555 -92 86
2556 62 29
2557 -87 -73
2558 0 -4
2559 47 -28
2560 -26 82
2561 -75 11
2562 -10 -99
2563 -80 -98
2564 62 -97
2565 77 -59
2566 -50 58
2567 10 -64
2568 -53 43
2569 -94 99
2570 40 -48
2571 -75 36
2572 -99 32
2573 -86 -86
2574 -100 93
2575 -84 47
2576 -70 53
2577 -13 37
2578 -63 -25
2579 -42 27
2580 21 38
2581 34 48
2582 -26 66
2583 36 -97
2584 -82 76
2585 79 56
2586 -11 47
2587 32 -79
2588 56 -11
2589 10 57
2590 86 -95
2591 -98 68
2592 86 -71
2593 -89 -4
2594 -30 72
2595 98 72
2596 -15 -21
2597 -23 -99
2598 18 -23
2599 -39 -66
2600 96 -89
2601 95 -77
2602 -86 -41
2603 -43 -18
2604 -79 -34
2605 81 48
2606 64 0
2607 40 15
2608 36 65
2609 62 -56
2610 54 -61
2611 32 -54
2612 78 -93
2613 -29 -91
2614 -31 30
2615 3 -21
2616 -73 -25
2617 60 74
2618 -90 78
2619 54 26
2620 71 28
2621 -26 -96
2622 91 -51
2623 -93 84
2624 38 62
2625 -35 52
2626 15 -84
2627 -21 56
2628 -21 49
2629 -55 -94
2630 88 -52
2631 -87 -9
2632 62 2
2633 21 -11
2634 39 65
2635 5 57
2636 -90 -65
2637 -27 -74
2638 65 27
2639 -45 28
2640 99 -14
2641 -30 7
2642 -36 50
2643 64 -90
2644 95 -96
2645 -5 -40
2646 32 47
2647 38 23
2648 15 83
2649 -59 -11
2650 28 18
2651 -56 73
2652 -44 7
2653 42 -21
2654 43 -47
2655 91 51
2656 -6 16
2657 -93 1
2658 77 6
2659 -74 -88
2660 37 11
2661 -7 35
2662 -31 -56
2663 -75 -38
2664 -4 49
2665 11 81
2666 -15 66
2667 -100 -20
2668 -58 -3
2669 -50 57
2670 -92 -16
2671 -34 42
2672 -88 44
2673 66 -84
2674 40 -63
2675 46 -91
2676 56 -71
2677 51 -83
2678 -75 8
2679 3 -89
2680 -18 -21
2681 83 94
2682 42 -91
2683 -35 28
2684 16 27
2685 -42 -21
2686 -45 -31
2687 -96 -47
2688 -56 51
2689 22 25
2690 -23 -92
2691 22 -42
2692 -97 2
2693 -75 -44
2694 -86 83
2695 -46 33
2696 94 -62
2697 -26 28
2698 1 -28
2699 99 -97
2700 -22 -62
2701 0 -88
2702 78 -34
2703 53 -13
2704 -75 -3
2705 73 -26
2706 86 77
2707 34 -27
2708 57 24
2709 91 -60
2710 84 -91
2711 13 33
2712 -28 25
2713 -15 -84
2714 94 -25
2715 51 71
2716 51 19
2717 -54 -61
2718 8 9
2719 -20 36
2720 48 37
2721 -69 16
2722 -90 80
2723 47 -84
2724 4 -100
2725 71 77
2726 -19 59
2727 -82 -31
2728 25 66
2729 40 -47
2730 81 37
2731 -8 49
2732 46 -99
2733 22 -34
2734 30 -6
2735 65 -53
2736 -56 -46
2737 -9 -54
2738 78 96
2739 23 -8
2740 78 -32
2741 11 94
2742 4 74
2743 -10 92
2744 0 77
2745 14 41
2746 69 -74
2747 55 -89
2748 -55 -18
2749 70 -92
2750 -42 -20
2751 -14 -90
2752 -65 24
2753 33 -73
2754 -33 72
2755 -9 28
2756 -57 -53
2757 -25 13
2758 -75 -2
2759 -56 71
2760 10 29
2761 66 53
2762 80 -77
2763 -23 -83
2764 -1 -20
2765 -99 -5
2766 -75 14
2767 -66 -3
2768 82 1
2769 58 80
2770 -60 -37
2771 25 28
2772 -15 85
2773 -3 21
2774 51 -58
2775 85 46
2776 -63 99
2777 -3 28
2778 14 32
2779 -71 -89
2780 -54 15
2781 27 86
2782 70 95
2783 3 29
2784 -87 78
2785 31 23
2786 40 -36
2787 30 -53
2788 -96 -63
2789 -32 94
2790 25 55
2791 -34 -43
2792 -6 -45
2793 -42 -74
2794 -84 5
2795 82 -51
2796 -29 46
2797 34 24
2798 35 38
2799 57 -10
2800 -18 68
2801 8 73
2802 11 -38
2803 -94 73
2804 -32 -50
2805 23 -24
2806 -36 -66
2807 -14 -10
2808 -51 -30
2809 -8 15
2810 37 -24
2811 13 7
2812 95 -19
2813 -49 93
2814 30 -95
2815 12 -34
2816 -21 78
2817 12 57
2818 -53 -7
2819 45 -68
2820 -52 -15
2821 58 66
2822 82 6
2823 85 -63
2824 -40 -57
2825 -25 -36
2826 -54 -58
2827 52 -95
2828 -45 -100
2829 77 -71
2830 -90 -88
2831 -57 -38
2832 37 -44
2833 96 -15
2834 22 29
2835 -57 56
2836 24 -41
2837 -34 -48
2838 18 46
2839 25 -12
2840 -5 -86
2841 33 -14
2842 30 -52
2843 -80 -64
2844 -75 6
2845 1 -53
2846 15 16
2847 -79 -65
2848 -58 -5
2849 -72 25
2850 9 0
2851 14 31
2852 -100 19
2853 39 86
2854 76 0
2855 -14 8
2856 -26 -12
2857 34 96
2858 -21 56
2859 31 -11
2860 -64 59
2861 -40 -85
2862 -73 95
2863 -60 -92
2864 -62 -70
2865 -91 -78
2866 18 99
2867 79 95
2868 0 -98
2869 -14 -89
2870 8 -66
2871 -40 24
2872 -80 93
2873 72 -74
2874 81 -75
2875 56 -15
2876 63 38
2877 -11 49
2878 -61 -2
2879 3 -96
2880 -22 30
2881 47 45
2882 -10 -36
2883 90 -25
2884 9 39
2885 -4 -23
2886 -31 20
2887 81 -99
2888 -1 36
2889 95 -67
2890 -77 -87
2891 -73 -87
2892 -26 23
2893 -42 79
2894 9 -70
2895 55 -99
2896 -2 -19
2897 32 78
2898 -14 14
2899 -67 56
2900 -98 -4
2901 17 -59
2902 28 -21
2903 -84 -57
2904 57 -12
2905 -51 3
2906 3 -31
2907 81 -36
2908 2 33
2909 -29 66
2910 -95 -90
2911 66 -22
2912 83 -5
2913 78 87
2914 88 -98
2915 14 84
2916 2 -61
2917 -69 26
2918 -4 85
2919 -16 94
2920 7 -85
2921 -78 -79
2922 80 -48
2923 -3 -72
2924 0 -33
2925 -25 52
2926 -57 -34
2927 50 92
2928 30 -62
2929 -43 -67
2930 0 -72
2931 -45 54
2932 73 -35
2933 -100 -37
2934 -62 -45
2935 68 16
2936 -51 -23
2937 -41 89
2938 88 45
2939 -2 31
2940 97 49
2941 -13 20
2942 27 61
2943 41 -65
2944 -12 -62
2945 95 -43
2946 28 -50
2947 -7 -21
2948 60 -33
2949 -53 15
2950 -49 -66
2951 90 -56
2952 -1 58
2953 3 66
2954 -93 61
2955 -97 85
2956 40 26
2957 -64 51
2958 40 34
2959 -74 -89
2960 24 65
2961 75 99
2962 -41 11
2963 88 98
2964 83 80
2965 -71 21
2966 -3 83
2967 -20 62
2968 59 -57
2969 -79 69
2970 -43 75
2971 -72 27
2972 -65 -90
2973 16 -99
2974 -86 42
2975 38 -75
2976 -60 -65
2977 90 -14
2978 -41 90
2979 85 88
2980 69 5
2981 82 -73
2982 31 -18
2983 -13 57
2984 -54 -27
2985 91 -3
2986 13 -43
2987 53 48
2988 37 -53
2989 64 -51
2990 94 87
2991 84 -60
2992 -59 -97
2993 -20 -38
2994 92 94
2995 3 69
2996 -43 -67
2997 99 52
2998 92 -99
2999 95 53
3000 22 59
3001 55 40
3002 51 -59
3003 12 82
3004 -19 -59
3005 48 -89
3006 -74 36
3007 93 82
3008 21 41
3009 85 28
3010 -99 -75
3011 65 -48
3012 70 -78
3013 -61 -21
3014 -42 -99
3015 56 36
3016 -48 -90
3017 26 -65
3018 -69 -57
3019 -11 -100
3020 -9 -3
3021 80 50
3022 -55 -8
3023 43 21
3024 -61 -83
3025 -69 -50
3026 -85 -33
3027 52 -3
3028 94 3
3029 70 29
3030 -99 -68
3031 24 -20
3032 -15 -88
3033 59 -85
3034 -91 58
3035 50 -23
3036 -48 84
3037 -63 3
3038 -56 -86
3039 -94 -23
3040 -22 17
3041 -60 -60
3042 69 5
3043 20 84
3044 -42 -71
3045 -60 28
3046 -27 60
3047 99 -42
3048 73 0
3049 -36 -68
3050 32 27
3051 12 -20
3052 -33 54
3053 98 -70
3054 -70 -52
3055 -48 79
3056 -4 -8
3057 -50 -17
3058 92 -17
3059 10 79
3060 -8 74
3061 56 80
3062 17 -79
3063 -97 -9
3064 85 78
3065 30 44
3066 50 74
3067 45 51
3068 -95 59
3069 73 -85
3070 7 -11
3071 54 -90
3072 76 -39
3073 -68 81
3074 10 15
3075 -34 -11
3076 90 -15
3077 40 57
3078 70 31
3079 63 -55
3080 50 7
3081 -56 -49
3082 18 7
3083 -71 21
3084 46 -1
3085 -22 -67
3086 10 -6
3087 -28 -98
3088 -80 46
3089 -97 -45
3090 89 -78
3091 80 -30
3092 12 -60
3093 54 -36
3094 -66 87
3095 80 -27
3096 95 28
3097 -35 -100
3098 -56 3
3099 -9 -32
3100 -68 10
3101 -66 -89
3102 -64 -68
3103 79 -5
3104 -88 37
3105 37 -76
3106 27 7
3107 -45 27
3108 26 74
3109 39 -23
3110 53 64
3111 -13 59
3112 18 -96
3113 -63 81
3114 -72 -28
3115 57 17
3116 -46 34
3117 -77 -22
3118 88 69
3119 -67 -21
3120 -39 -42
3121 -48 -4
3122 -50 56
3123 45 -12
3124 -28 38
3125 -26 -30
3126 64 -86
3127 15 -32
3128 -77 -26
3129 -8 -68
3130 95 97
3131 -34 40
3132 80 -80
3133 69 92
3134 -16 77
3135 38 56
3136 41 -41
3137 -85 -6
3138 11 90
3139 9 62
3140 -42 48
3141 8 -10
3142 98 -13
3143 52 -60
3144 -81 54
3145 -45 13
3146 -23 -99
3147 -16 -36
3148 91 12
3149 16 -71
3150 86 52
3151 -96 -5
3152 99 17
3153 29 4
3154 98 -80
3155 56 -67
3156 65 29
3157 73 -54
3158 -12 76
3159 42 -7
3160 -33 29
3161 73 29
3162 22 -76
3163 -21 40
3164 74 51
3165 3 99
3166 -26 -21
3167 76 5
3168 44 -87
3169 -9 -20
3170 57 -52
3171 -59 98
3172 97 -78
3173 48 47
3174 -73 -63
3175 75 -85
3176 69 -78
3177 62 -43
3178 79 -26
3179 73 74
3180 -62 89
3181 30 -53
3182 17 57
3183 58 -14
3184 53 -33
3185 2 -25
3186 -15 -39
3187 35 -81
3188 -13 75
3189 31 0
3190 -24 31
3191 12 36
3192 76 -13
3193 -71 -49
3194 17 18
3195 26 -31
3196 -60 16
3197 -58 68
3198 18 94
3199 -20 -60
3200 -37 -39
3201 94 60
3202 35 0
3203 30 8
3204 -13 42
3205 69 -96
3206 43 -27
3207 -3 6
3208 -24 93
3209 -29 -71
3210 27 7
3211 69 -66
3212 40 -68
3213 -65 68
3214 -82 66
3215 1 -7
3216 -6 -9
3217 -64 -85
3218 36 51
3219 -99 -25
3220 57 21
3221 64 74
3222 49 22
3223 26 66
3224 -82 36
3225 -8 24
3226 23 -50
3227 13 56
3228 -9 60
3229 -81 2
3230 -35 61
3231 -11 20
3232 -59 -24
3233 10 -48
3234 -64 -18
3235 70 24
3236 92 95
3237 -28 -94
3238 42 95
3239 -15 -82
3240 6 -32
3241 49 -18
3242 -26 76
3243 70 -57
3244 77 -20
3245 23 75
3246 32 -2
3247 -90 96
3248 -69 -57
3249 32 -28
3250 -88 -26
3251 29 36
3252 65 67
3253 32 27
3254 78 7
3255 -87 -4
3256 -25 -100
3257 96 96
3258 -88 -93
3259 -54 -36
3260 5 -34
3261 -26 56
3262 59 94
3263 92 -7
3264 85 -24
3265 74 -1
3266 -38 -88
3267 -94 -68
3268 38 -87
3269 16 6
3270 -57 -57
3271 -36 -30
3272 -34 -74
3273 0 31
3274 1 -87
3275 83 -76
3276 97 -32
3277 67 45
3278 99 73
3279 77 71
3280 75 -62
3281 41 2
3282 32 14
3283 -66 -37
3284 94 63
3285 -42 98
3286 -10 39
3287 -79 -38
3288 -99 -96
3289 -11 32
3290 -7 -40
3291 91 72
3292 -8 50
3293 1 94
3294 -55 -39
3295 -67 64
3296 -64 44
3297 31 -96
3298 1 62
3299 37 51
3300 92 -64
3301 37 38
3302 54 85
3303 34 -43
3304 -54 4
3305 43 95
3306 -17 -56
3307 -22 15
3308 -53 69
3309 -91 82
3310 -88 -61
3311 -82 33
3312 30 -7
3313 62 45
3314 -92 -84
3315 61 -61
3316 -34 37
3317 40 -44
3318 22 -47
3319 -83 7
3320 -84 -56
3321 47 40
3322 17 -63
3323 -19 91
3324 -34 -84
3325 57 31
3326 52 55
3327 39 52
3328 -82 -96
3329 -93 -39
3330 -78 88
3331 -52 -70
3332 43 4
3333 29 46
3334 3 -79
3335 92 93
3336 51 2
3337 66 67
3338 -8 -23
3339 -85 -7
3340 -88 71
3341 -22 92
3342 -42 -71
3343 -14 10
3344 98 88
3345 -62 18
3346 -54 56
3347 -16 -73
3348 96 16
3349 97 -87
3350 8 34
3351 -13 -55
3352 -76 64
3353 79 -50
3354 89 71
3355 -41 40
3356 88 14
3357 -52 -49
3358 9 -45
3359 72 13
3360 -82 -82
3361 47 15
3362 82 -27
3363 47 95
3364 -83 38
3365 71 75
3366 -20 -98
3367 84 -23
3368 -17 -68
3369 68 -7
3370 -50 -64
3371 20 -73
3372 28 -3
3373 30 31
3374 7 -67
3375 17 40
3376 44 -16
3377 94 -11
3378 87 71
3379 -37 50
3380 -83 84
3381 -68 -49
3382 99 -16
3383 -40 85
3384 29 71
3385 68 -23
3386 -13 -22
3387 -38 82
3388 -3 20
3389 87 -15
3390 42 -85
3391 -13 84
3392 -80 -69
3393 -69 95
3394 -93 -5
3395 -10 11
3396 69 -83
3397 -24 -35
3398 -97 -31
3399 -73 -56
3400 -63 44
3401 -99 36
3402 -35 -60
3403 -48 -35
3404 -79 -88
3405 91 -34
3406 84 78
3407 -93 -99
3408 -4 -53
3409 -70 68
3410 -48 -36
3411 77 -66
3412 -19 -44
3413 7 -31
3414 -98 96
3415 78 -72
3416 -7 43
3417 -53 98
3418 -86 51
3419 19 80
3420 78 66
3421 74 94
3422 3 -76
3423 27 91
3424 -91 -25
3425 69 56
3426 -61 -42
3427 91 72
3428 66 67
3429 -45 -92
3430 33 82
3431 -37 -76
3432 -66 63
3433 72 -60
3434 30 -91
3435 87 44
3436 28 -50
3437 90 -15
3438 -10 83
3439 30 -44
3440 28 15
3441 -40 27
3442 -73 -78
3443 88 -65
3444 51 -25
3445 -69 -54
3446 -4 10
3447 -54 95
3448 3 49
3449 60 40
3450 -49 -13
3451 -39 99
3452 -13 -75
3453 -72 88
3454 -32 6
3455 -18 83
3456 -63 98
3457 -21 -82
3458 22 36
3459 97 -88
3460 74 37
3461 -12 -46
3462 78 40
3463 -53 -83
3464 -97 94
3465 82 40
3466 -77 89
3467 -95 -59
3468 -47 -40
3469 -61 -98
3470 93 99
3471 66 -55
3472 93 -53
3473 -91 -2
3474 -69 -72
3475 -28 67
3476 52 47
3477 66 14
3478 98 -93
3479 -79 47
3480 77 -89
3481 85 -27
3482 24 41
3483 60 -53
3484 92 -63
3485 64 -38
3486 -4 95
3487 -82 74
3488 70 -57
3489 -39 31
3490 31 49
3491 85 75
3492 22 -86
3493 87 -25
3494 -77 -9
3495 -57 -54
3496 -61 -8
3497 -76 82
3498 -86 -7
3499 21 -49
3500 -14 62
3501 5 93
3502 -37 -90
3503 -30 57
3504 29 91
3505 43 54
3506 46 -10
3507 -84 -72
3508 -75 -91
3509 51 9
3510 53 -15
3511 -76 1
3512 94 18
3513 -77 -96
3514 70 -65
3515 59 -23
3516 22 -91
3517 -56 69
3518 -57 92
3519 12 11
3520 44 -70
3521 46 -69
3522 47 -12
3523 0 49
3524 -25 96
3525 57 -95
3526 42 -89
3527 -3 -99
3528 37 -96
3529 98 44
3530 87 -35
3531 87 -7
3532 -68 -34
3533 -68 36
3534 -55 -53
3535 85 -68
3536 -3 -61
3537 65 23
3538 38 92
3539 53 5
3540 -82 -26
3541 28 73
3542 -23 54
3543 34 10
3544 11 -58
3545 -69 -61
3546 93 67
3547 24 -22
3548 -58 -48
3549 99 -19
3550 -44 63
3551 3 -72
3552 -89 25
3553 7 2
3554 -54 74
3555 -38 44
3556 -50 -7
3557 26 12
3558 37 -87
3559 -85 -23
3560 31 21
3561 -75 -97
3562 -85 45
3563 -62 30
3564 14 -13
3565 -19 -15
3566 93 -28
3567 -52 -46
3568 70 -1
3569 62 52
3570 -54 -68
3571 -37 37
3572 79 -14
3573 88 0
3574 -60 -89
3575 41 -71
3576 -63 21
3577 50 34
3578 37 0
3579 -87 -35
3580 -14 77
3581 87 59
3582 -8 77
3583 51 78
3584 -56 -29
3585 41 -63
3586 -50 -38
3587 -70 -2
3588 -43 -12
3589 -77 29
3590 57 38
3591 -11 2
3592 46 -48
3593 -52 -29
3594 21 14
3595 17 -30
3596 -14 -3
3597 -34 -31
3598 -56 4
3599 -56 -98
3600 34 -90
3601 -45 68
3602 -30 3
3603 78 74
3604 -9 -49
3605 -24 -51
3606 -24 -17
3607 8 47
3608 -13 -15
3609 -87 -60
3610 28 -21
3611 -44 30
3612 54 -29
3613 50 53
3614 96 60
3615 -46 53
3616 -56 -80
3617 94 46
3618 -17 20
3619 -68 -58
3620 -27 -27
3621 80 -30
3622 -63 -32
3623 94 -97
3624 88 18
3625 81 59
3626 -9 -97
3627 -27 -45
3628 53 24
3629 -86 98
3630 53 -75
3631 77 30
3632 96 23
3633 -96 -45
3634 -12 61
3635 -36 66
3636 -48 70
3637 67 -46
3638 -2 86
3639 -7 -14
3640 -24 46
3641 64 -22
3642 78 -5
3643 -39 -60
3644 46 38
3645 92 58
3646 6 -67
3647 -12 -52
3648 -4 -50
3649 -27 14
3650 -37 38
3651 14 -74
3652 -47 -85
3653 6 20
3654 -64 -81
3655 56 66
3656 -69 28
3657 21 -94
3658 -40 -2
3659 51 1
3660 -39 64
3661 8 49
3662 68 5
3663 -40 -82
3664 -18 18
3665 58 -52
3666 13 79
3667 -78 38
3668 -68 37
3669 -75 63
3670 88 41
3671 -96 27
3672 82 -75
3673 27 77
3674 11 -19
3675 88 97
3676 -2 71
3677 -48 -1
3678 -71 64
3679 -42 48
3680 54 -13
3681 -63 17
3682 -40 8
3683 -47 -48
3684 5 83
3685 74 22
3686 -27 87
3687 12 20
3688 59 81
3689 67 42
3690 77 -18
3691 7 -99
3692 30 61
3693 50 42
3694 26 23
3695 9 -33
3696 -21 -24
3697 -92 0
3698 3 -13
3699 -33 -26
3700 72 -25
3701 -28 28
3702 6 -35
3703 23 10
3704 -42 32
3705 39 -52
3706 97 15
3707 70 -28
3708 80 -64
3709 86 -2
3710 58 11
3711 25 82
3712 -26 7
3713 -58 97
3714 78 -88
3715 -84 -28
3716 13 -7
3717 70 2
3718 -90 78
3719 -6 -36
3720 -62 -61
3721 -17 94
3722 83 -40
3723 -30 64
3724 6 36
3725 19 -34
3726 0 68
3727 16 -39
3728 49 -11
3729 -46 99
3730 -77 26
3731 31 -54
3732 15 -33
3733 34 3
3734 44 -32
3735 -38 -98
3736 42 21
3737 -40 18
3738 -73 31
3739 99 -87
3740 -64 -23
3741 -10 -58
3742 -8 50
3743 72 44
3744 77 8
3745 52 20
3746 24 -6
3747 -59 12
3748 7 -64
3749 -22 15
3750 26 66
3751 -81 -62
3752 -27 17
3753 24 78
3754 8 97
3755 -67 -83
3756 -10 -60
3757 62 45
3758 -65 -11
3759 54 65
3760 -5 89
3761 26 -65
3762 15 41
3763 -23 -53
3764 -20 47
3765 -89 91
3766 -47 -17
3767 -13 -31
3768 -42 -48
3769 69 74
3770 -74 93
3771 -65 79
3772 -25 34
3773 -70 -17
3774 32 -4
3775 -24 -82
3776 -18 13
3777 -80 36
3778 -60 83
3779 23 31
3780 -61 -24
3781 -2 61
3782 85 -58
3783 64 -93
3784 53 -7
3785 -14 83
3786 19 79
3787 39 1
3788 54 46
3789 60 80
3790 11 94
3791 15 83
3792 -29 93
3793 8 40
3794 -38 50
3795 -71 -26
3796 29 -63
3797 35 49
3798 -5 -26
3799 94 -67
3800 70 -77
3801 29 -61
3802 -91 -7
3803 -2 2
3804 73 19
3805 82 -7
3806 -77 42
3807 -80 -55
3808 61 14
3809 -10 91
3810 33 -76
3811 44 -97
3812 -37 -88
3813 -46 -18
3814 -56 90
3815 -95 -21
3816 52 27
3817 -90 -12
3818 -35 -24
3819 73 77
3820 -5 -94
3821 66 43
3822 68 35
3823 -50 86
3824 -83 -10
3825 87 80
3826 84 -98
3827 -1 45
3828 -22 26
3829 75 97
3830 -61 -84
3831 -43 83
3832 13 2
3833 41 -4
3834 32 31
3835 79 -15
3836 41 12
3837 -4 26
3838 -43 -99
3839 -66 28
3840 61 -33
3841 -36 54
3842 -98 -76
3843 -5 50
3844 -73 -36
3845 -90 38
3846 0 76
3847 38 -21
3848 48 83
3849 -70 -34
3850 94 54
3851 -46 -15
3852 10 2
3853 -61 -28
3854 5 73
3855 -13 -23
3856 -9 -53
3857 -65 71
3858 51 2
3859 81 -12
3860 -93 91
3861 -32 -33
3862 21 -59
3863 84 65
3864 74 -83
3865 77 -26
3866 71 68
3867 34 -93
3868 -87 78
3869 -56 -1
3870 85 -77
3871 -56 -46
3872 76 33
3873 -54 -47
3874 40 66
3875 27 -55
3876 -98 41
3877 -41 -98
3878 -15 86
3879 64 -32
3880 18 -26
3881 -3 -12
3882 95 -87
3883 5 23
3884 13 -72
3885 58 72
3886 -42 -19
3887 2 84
3888 47 -86
3889 -10 88
3890 94 30
3891 -76 -93
3892 -11 32
3893 -28 -71
3894 9 31
3895 21 -74
3896 -86 75
3897 80 11
3898 25 55
3899 -42 63
3900 -73 23
3901 40 12
3902 -93 55
3903 87 20
3904 -62 -26
3905 -45 -29
3906 -4 76
3907 -26 88
3908 -51 -10
3909 98 -37
3910 41 -24
3911 -86 81
3912 6 32
3913 58 -18
3914 0 91
3915 -42 91
3916 56 27
3917 60 -29
3918 89 11
3919 99 34
3920 44 51
3921 90 -66
3922 -25 -50
3923 30 -63
3924 0 92
3925 -39 -65
3926 57 95
3927 -78 51
3928 8 58
3929 -95 -25
3930 96 4
3931 -81 -53
3932 -84 -36
3933 15 68
3934 -84 -97
3935 98 37
3936 -10 -36
3937 18 89
3938 -15 80
3939 5 -44
3940 -98 21
3941 81 7
3942 29 -77
3943 -66 60
3944 5 -91
3945 62 -69
3946 6 24
3947 37 -61
3948 32 43
3949 -83 -89
3950 34 61
3951 -79 -3
3952 94 24
3953 44 -8
3954 -24 -67
3955 -35 28
3956 -48 48
3957 -27 -25
3958 23 11
3959 18 92
3960 -70 54
3961 -37 -94
3962 -59 67
3963 -69 66
3964 27 -22
3965 -43 42
3966 62 -6
3967 21 -60
3968 -1 -16
3969 13 -95
3970 -21 41
3971 -17 -28
3972 43 -66
3973 78 57
3974 -50 -39
3975 16 -80
3976 -76 -75
3977 81 80
3978 -2 -86
3979 -44 -73
3980 -8 78
3981 64 98
3982 76 23
3983 65 58
3984 -74 -67
3985 75 -62
3986 98 12
3987 13 -12
3988 -30 90
3989 -38 -94
3990 89 -26
3991 15 -34
3992 61 -64
3993 17 37
3994 13 41
3995 41 -15
3996 -72 -15
3997 12 0
3998 77 -15
3999 -4 -80
4000 -32 -81
