1000
1
1 -72 -90
2 -32 -60
3 66 19
4 -83 -71
5 87 -71
6 43 -27
7 -28 95
8 94 -35
9 -18 -21
10 -91 88
11 24 77
12 94 51
13 72 32
14 -93 84
15 11 -34
16 -52 -84
17 -63 3
18 -41 92
19 87 22
20 -47 -14
21 87 -20
22 -16 60
23 -31 32
24 -54 -93
25 -65 46
26 -59 -98
27 71 -90
28 -42 -49
29 -85 17
30 -32 -67
31 12 -67
32 18 21
33 81 26
34 -65 68
35 35 -99
36 -22 60
37 -75 22
38 -100 -56
39 -7 -66
40 -18 -61
41 -14 99
42 48 64
43 -75 -55
44 -55 -73
45 -55 -92
46 77 -30
47 -47 -80
48 74 54
49 61 62
50 78 42
51 -3 -23
52 -29 -66
53 -32 -20
54 77 -51
55 -90 -86
56 57 81
57 -66 -72
58 46 12
59 -16 53
60 -5 35
61 -19 -92
62 23 27
63 -77 -92
64 6 -96
65 47 -54
66 -18 30
67 -45 40
68 42 -91
69 28 14
70 -4 44
71 -32 96
72 -83 -69
73 -49 95
74 -65 -75
75 -27 -38
76 -31 -93
77 -34 -57
78 -40 -12
79 53 44
80 -90 -40
81 73 72
82 1 63
83 31 -74
84 26 -6
85 -15 37
86 84 70
87 -43 51
88 -33 -15
89 91 -8
90 -24 -72
91 72 -19
92 31 -15
93 76 -26
94 -36 -88
95 -21 -46
96 -45 83
97 3 -64
98 71 -5
99 -6 -47
100 -1 -76
101 -31 41
102 39 36
103 -22 -1
104 50 15
105 75 75
106 -3 -39
107 -32 82
108 -13 -8
109 -59 -84
110 86 -43
111 62 14
112 -85 -69
113 -19 -100
114 -34 -80
115 80 71
116 91 37
117 92 -49
118 58 -69
119 42 94
120 -93 -23
121 23 48
122 -64 4
123 56 93
124 15 21
125 48 -22
126 -46 -22
127 -33 -58
128 -38 55
129 25 7
130 -46 -23
131 -67 29
132 35 -96
133 83 59
134 -32 -84
135 -77 -44
136 49 -54
137 -91 9
138 33 -87
139 -22 11
140 -25 -13
141 -16 44
142 -29 1
143 16 13
144 -30 50
145 88 -97
146 5 -65
147 40 29
148 -57 93
149 -88 -69
150 20 96
151 25 -1
152 -3 -8
153 29 -92
154 -32 57
155 8 -52
156 -23 -86
157 -68 66
158 92 -12
159 -42 -66
160 -13 -30
161 -11 18
162 -73 -80
163 51 14
164 5 -21
165 -35 39
166 -99 -54
167 90 -22
168 62 85
169 -53 79
170 71 8
171 -56 12
172 -59 40
173 25 -10
174 -97 74
175 36 55
176 35 78
177 43 -51
178 7 -94
179 -29 -23
180 41 -85
181 2 89
182 -9 69
183 -53 -70
184 -76 53
185 -97 -93
186 -59 -22
187 -38 78
188 -74 76
189 -24 -13
190 -6 -40
191 11 31
192 42 10
193 -97 -77
194 2 40
195 70 56
196 14 69
197 -62 56
198 -94 -45
199 -80 -29
200 -7 -6
201 -34 -51
202 70 29
203 13 -43
204 15 65
205 -77 30
206 30 83
207 82 -19
208 3 70
209 -54 81
210 66 -77
211 28 -17
212 82 -53
213 -7 -29
214 -60 6
215 72 71
216 55 -96
217 94 99
218 93 -39
219 60 -87
220 96 46
221 8 37
222 17 -60
223 -75 30
224 86 57
225 -48 -65
226 -92 -61
227 5 -31
228 66 83
229 -34 23
230 -64 -59
231 -84 -92
232 92 -48
233 75 25
234 89 83
235 -13 -59
236 -91 -68
237 84 -80
238 15 90
239 66 42
240 -79 62
241 -16 -18
242 -47 36
243 62 15
244 -2 25
245 -68 -91
246 94 -63
247 77 54
248 29 -1
249 44 -36
250 -36 0
251 40 -97
252 -31 -90
253 -75 76
254 -45 -15
255 53 75
256 -83 24
257 1 -27
258 57 34
259 55 -44
260 -10 -41
261 -74 -36
262 50 -23
263 -53 72
264 -45 -71
265 -10 -84
266 -54 1
267 -22 21
268 -78 -19
269 -87 -58
270 10 86
271 -40 -87
272 71 -43
273 92 -30
274 35 4
275 97 95
276 43 -12
277 74 -95
278 -27 -24
279 -48 91
280 63 -47
281 20 -75
282 94 36
283 29 16
284 -54 80
285 -49 -25
286 20 13
287 45 4
288 98 -87
289 -8 -7
290 -15 76
291 -63 51
292 -68 -5
293 -27 57
294 26 -28
295 -53 45
296 -72 -79
297 -22 -43
298 -35 -65
299 -82 -65
300 27 -24
301 -76 54
302 -48 22
303 -26 -70
304 42 -30
305 -94 -40
306 83 59
307 6 87
308 -84 69
309 93 -1
310 -37 72
311 89 73
312 33 5
313 -54 -1
314 -66 -12
315 -61 62
316 94 -43
317 66 -91
318 52 -18
319 -2 9
320 -79 -57
321 -85 -44
322 -34 86
323 62 -31
324 15 -10
325 -59 -5
326 -58 19
327 71 55
328 -14 -49
329 -79 47
330 -25 75
331 95 -46
332 -69 -57
333 -35 25
334 93 -4
335 -65 34
336 -29 -17
337 -22 -80
338 56 32
339 6 46
340 43 77
341 84 43
342 -53 43
343 20 -25
344 -14 -90
345 22 0
346 -40 50
347 -67 -54
348 -53 60
349 -75 -77
350 21 -64
351 -25 -82
352 -45 7
353 -76 59
354 -59 51
355 98 54
356 44 -25
357 -97 -2
358 91 -49
359 -93 -13
360 22 90
361 -61 82
362 74 34
363 -27 20
364 -51 -68
365 72 96
366 6 -17
367 -75 7
368 1 65
369 -12 39
370 19 61
371 -66 35
372 -88 68
373 56 85
374 47 35
375 -46 95
376 53 38
377 0 30
378 96 -8
379 -57 21
380 -67 3
381 9 -91
382 78 -98
383 -53 -40
384 -50 -4
385 96 -75
386 63 -33
387 68 61
388 55 4
389 70 -94
390 77 -12
391 73 13
392 77 76
393 -58 68
394 83 -6
395 11 -91
396 22 67
397 6 -85
398 -49 -75
399 56 -90
400 20 -5
401 35 -50
402 39 -71
403 -68 -14
404 70 38
405 74 -9
406 22 -63
407 43 45
408 30 95
409 -68 -99
410 59 -22
411 -23 55
412 85 87
413 3 96
414 60 52
415 9 30
416 48 60
417 -15 -18
418 53 22
419 74 47
420 44 56
421 98 -56
422 19 -81
423 -14 -16
424 -76 61
425 -15 -45
426 93 55
427 -50 -59
428 -82 79
429 -35 52
430 26 -64
431 25 -82
432 -71 -56
433 43 62
434 51 -39
435 91 -93
436 -79 -16
437 -43 -97
438 -20 -67
439 -65 65
440 0 -82
441 72 99
442 -34 -47
443 37 92
444 9 -56
445 -37 74
446 -43 -78
447 -80 7
448 -70 80
449 -85 -25
450 -24 24
451 33 62
452 69 -22
453 -66 8
454 -2 -54
455 61 84
456 43 0
457 -49 8
458 -36 26
459 51 75
460 6 50
461 -48 7
462 97 -83
463 50 99
464 -36 49
465 73 0
466 -83 60
467 -11 76
468 -16 -91
469 -71 87
470 -81 -71
471 -6 -38
472 -18 -21
473 -70 56
474 70 11
475 -58 4
476 -72 -61
477 69 25
478 -29 -74
479 65 52
480 28 -66
481 -57 48
482 -27 -39
483 66 83
484 -90 -25
485 -76 -45
486 -4 64
487 56 -23
488 -45 90
489 -76 18
490 87 93
491 -72 52
492 6 -31
493 -29 77
494 91 63
495 4 -42
496 -57 -23
497 -41 84
498 85 46
499 88 -79
500 12 -54
501 46 -5
502 -13 87
503 -93 -36
504 -17 -9
505 -31 -19
506 -99 -53
507 65 34
508 -94 -9
509 -59 -96
510 89 89
511 92 -53
512 70 65
513 -88 -81
514 4 71
515 -8 9
516 -99 -97
517 -95 40
518 -53 33
519 -36 19
520 -39 -93
521 -7 -1
522 -7 -77
523 -44 95
524 12 24
525 78 -7
526 4 84
527 -69 23
528 -47 -2
529 24 21
530 75 87
531 59 12
532 99 60
533 -20 98
534 -59 -76
535 -13 -28
536 -74 22
537 42 82
538 -5 -7
539 53 47
540 9 -84
541 7 79
542 93 98
543 -96 -83
544 71 -18
545 -13 48
546 -92 42
547 43 -27
548 -53 81
549 -1 33
550 42 -42
551 53 -13
552 -63 5
553 -34 82
554 -59 -51
555 -73 60
556 45 77
557 -88 58
558 -20 79
559 18 -99
560 56 -37
561 -74 58
562 36 38
563 -36 -17
564 78 -32
565 34 13
566 93 -81
567 -96 -50
568 -37 -81
569 42 -12
570 31 -79
571 75 21
572 -46 26
573 -98 -69
574 30 85
575 93 -33
576 -38 -2
577 77 -21
578 -69 94
579 50 -2
580 -60 83
581 -96 72
582 15 14
583 66 25
584 72 62
585 -5 -40
586 -63 -70
587 -31 34
588 -13 5
589 4 -90
590 35 -67
591 53 92
592 -25 -34
593 -50 -6
594 -58 25
595 -82 -32
596 -32 -57
597 -53 48
598 -83 -98
599 -94 40
600 59 -23
601 -42 68
602 -10 32
603 -70 -68
604 -71 -57
605 92 26
606 -10 40
607 62 -93
608 -71 -89
609 -3 -52
610 -37 -28
611 -17 -53
612 43 -73
613 91 94
614 82 21
615 16 -16
616 -2 63
617 -50 -42
618 74 85
619 2 42
620 -64 -82
621 -35 98
622 33 -9
623 77 28
624 -20 -60
625 18 -94
626 5 58
627 -24 -13
628 93 -89
629 -76 -37
630 41 -64
631 -51 7
632 27 7
633 -72 27
634 -10 3
635 -67 -56
636 8 54
637 -89 -55
638 -94 -16
639 14 -49
640 -51 -37
641 13 42
642 -98 9
643 78 40
644 -14 62
645 -35 62
646 60 -61
647 -99 -100
648 68 57
649 -29 -75
650 -37 -50
651 -63 77
652 -94 -26
653 -2 51
654 46 -69
655 -20 8
656 -3 72
657 -87 -23
658 22 7
659 5 -83
660 28 -12
661 -60 28
662 -62 -30
663 -17 -32
664 53 -89
665 -24 -51
666 -88 -12
667 88 99
668 -74 35
669 35 28
670 -89 -73
671 93 -45
672 -19 56
673 -35 87
674 -74 24
675 -23 -39
676 -48 -47
677 -4 75
678 -91 9
679 38 36
680 90 -71
681 98 35
682 54 -69
683 -5 -92
684 84 -86
685 -49 87
686 71 76
687 -94 0
688 -6 85
689 -54 -19
690 -96 -5
691 -58 -72
692 33 -85
693 97 59
694 91 -88
695 89 16
696 97 99
697 37 82
698 -71 -42
699 0 -50
700 -40 -43
701 -98 -89
702 -27 -10
703 -10 -25
704 -53 96
705 -19 -76
706 -38 -44
707 31 -5
708 86 69
709 -99 39
710 -66 36
711 -84 72
712 -76 34
713 89 71
714 -62 -76
715 -29 -65
716 -16 96
717 -79 47
718 -8 -69
719 55 -57
720 25 21
721 11 95
722 31 65
723 -47 40
724 -32 -58
725 95 -40
726 -43 61
727 -84 23
728 -60 -70
729 87 38
730 0 18
731 -63 -77
732 24 -54
733 39 -34
734 -65 83
735 -98 55
736 -87 58
737 -87 12
738 -75 -80
739 -59 -41
740 -20 -51
741 3 96
742 -72 -90
743 77 23
744 79 -3
745 6 -38
746 -56 -83
747 42 -93
748 -16 -12
749 -30 -16
750 -74 87
751 4 -16
752 -60 -60
753 -53 -1
754 47 3
755 -2 -80
756 89 27
757 -42 -50
758 -86 -60
759 94 14
760 -32 -85
761 -14 38
762 -24 40
763 11 96
764 -85 -94
765 -72 37
766 49 56
767 -67 -7
768 45 -81
769 55 87
770 63 -22
771 76 -24
772 98 -14
773 -28 16
774 58 -9
775 92 -57
776 -7 56
777 -84 -90
778 0 65
779 -93 -1
780 29 -49
781 -17 40
782 -25 61
783 -30 -68
784 -6 65
785 5 95
786 -15 -94
787 51 89
788 -61 -90
789 39 89
790 -33 94
791 -63 24
792 -87 84
793 -57 92
794 40 -77
795 92 79
796 -89 -44
797 -42 11
798 95 -65
799 -100 -63
800 -84 -60
801 -79 93
802 86 97
803 58 -14
804 -95 -74
805 70 -11
806 -75 -82
807 -69 34
808 -87 59
809 27 -10
810 17 -23
811 -8 -29
812 72 25
813 83 -72
814 48 -61
815 94 -96
816 -91 2
817 73 -73
818 72 -57
819 37 -85
820 -74 57
821 87 13
822 -48 2
823 54 93
824 -76 24
825 -2 -65
826 7 10
827 19 39
828 47 50
829 -80 -40
830 -86 29
831 38 66
832 -69 65
833 -20 23
834 -56 -96
835 61 69
836 -79 11
837 -36 60
838 -10 78
839 -82 -31
840 71 90
841 -97 -76
842 40 59
843 -4 -1
844 82 -66
845 -21 -78
846 -77 -24
847 -99 -4
848 -81 -80
849 -19 -14
850 -78 -70
851 48 -81
852 62 28
853 -87 96
854 -54 59
855 -52 69
856 32 50
857 -11 -76
858 26 14
859 -75 -28
860 -32 81
861 40 -90
862 25 39
863 46 45
864 10 67
865 41 -31
866 -3 31
867 -53 40
868 -59 83
869 -39 -88
870 45 0
871 -47 -78
872 85 10
873 -10 -28
874 87 77
875 70 5
876 94 -91
877 -82 -59
878 -10 38
879 -6 -78
880 81 -32
881 -15 -22
882 -82 79
883 -29 -100
884 3 49
885 82 42
886 -48 -88
887 26 68
888 27 17
889 -75 -85
890 -51 -26
891 57 33
892 97 -65
893 -26 -13
894 13 -94
895 -51 3
896 -11 -61
897 -69 -23
898 -85 75
899 -96 -94
900 -62 -11
901 69 -62
902 94 -72
903 -48 82
904 -18 -51
905 13 72
906 12 -21
907 73 6
908 10 52
909 -20 82
910 4 84
911 -13 -4
912 -1 -22
913 -48 -87
914 81 -51
915 53 52
916 13 -81
917 77 60
918 5 19
919 38 69
920 83 -8
921 -95 -37
922 -8 -23
923 90 -91
924 -35 25
925 66 -38
926 -6 -79
927 1 -47
928 -98 -28
929 38 16
930 75 -61
931 -99 -67
932 -4 60
933 -41 -7
934 2 -87
935 -100 90
936 -86 11
937 99 -89
938 79 -77
939 -97 -78
940 -13 -58
941 47 -45
942 -18 -10
943 -42 -9
944 17 23
945 57 -67
946 81 -78
947 93 43
948 -9 71
949 66 32
950 -83 -3
951 7 -48
952 24 75
953 -53 83
954 -78 -10
955 -26 78
956 -32 16
957 -72 32
958 -8 45
959 50 -94
960 2 67
961 76 79
962 -45 67
963 -91 92
964 17 -44
965 20 -93
966 -43 -29
967 -96 90
968 35 -6
969 31 7
970 -58 -25
971 -31 -73
972 -52 79
973 64 -36
974 93 -39
975 -49 46
976 -79 60
977 -71 -51
978 20 28
979 97 56
980 66 -45
981 -35 65
982 69 -33
983 21 96
984 12 -63
985 97 97
986 -87 -58
987 63 -73
988 -3 49
989 30 -25
990 -98 45
991 98 -44
992 -96 73
993 85 -4
994 -59 54
995 -31 -94
996 -4 74
997 41 87
998 -91 3
999 -43 80
1000 -43 67
1 52 56
2 -37 -47
3 32 78
4 97 -98
5 51 71
6 98 21
7 54 -80
8 -44 -92
9 61 96
10 -19 -75
11 54 57
12 67 91
13 1 -62
14 1 75
15 -82 94
16 -9 49
17 -82 -66
18 93 -58
19 93 51
20 -60 -94
21 -1 -61
22 -98 -2
23 -92 75
24 -80 20
25 31 -100
26 42 -39
27 -1 -68
28 -87 94
29 88 -28
30 51 -6
31 -23 -78
32 83 57
33 -21 -52
34 3 19
35 -73 -87
36 -85 -91
37 55 -25
38 26 15
39 54 -31
40 82 26
41 -82 81
42 -57 -83
43 -49 -70
44 -50 85
45 -79 98
46 -46 20
47 99 46
48 29 -24
49 -45 -55
50 -82 59
51 -29 1
52 -7 17
53 84 33
54 5 -77
55 6 -3
56 -60 18
57 -11 -75
58 -25 -5
59 78 66
60 6 -52
61 97 17
62 -3 -71
63 59 -6
64 -91 -92
65 45 -51
66 -41 9
67 -50 -78
68 -46 16
69 -12 26
70 -68 17
71 24 -74
72 -21 23
73 58 35
74 -69 73
75 -29 -67
76 -2 -11
77 38 69
78 62 54
79 -97 -37
80 57 -10
81 24 -3
82 -22 -43
83 -62 30
84 -32 -34
85 71 59
86 -93 -49
87 33 88
88 23 71
89 -63 74
90 -29 -76
91 -37 -65
92 37 11
93 50 69
94 70 -19
95 -40 -1
96 13 -76
97 68 42
98 93 -73
99 48 -78
100 -16 -73
101 -33 64
102 -98 12
103 -75 -53
104 55 50
105 -55 90
106 17 -71
107 92 33
108 -74 -12
109 60 66
110 6 -31
111 60 87
112 -94 -28
113 -55 83
114 -18 91
115 94 -4
116 -78 -86
117 -11 -57
118 57 -1
119 -67 -75
120 -15 3
121 -86 -81
122 -65 -31
123 82 -16
124 -69 -65
125 15 5
126 -34 82
127 16 -85
128 -33 -21
129 58 30
130 -34 -58
131 64 63
132 56 49
133 68 2
134 40 49
135 75 27
136 -45 35
137 -20 -97
138 -46 40
139 51 36
140 -11 61
141 52 -54
142 -25 -12
143 -70 -60
144 -2 -27
145 76 -23
146 40 3
147 58 -57
148 38 -50
149 -37 -15
150 1 -20
151 43 -19
152 -40 88
153 -50 31
154 1 12
155 61 26
156 28 -79
157 -60 5
158 -11 17
159 -13 -33
160 19 27
161 -97 -34
162 72 -3
163 86 51
164 76 -64
165 -36 -96
166 -24 -35
167 -65 -91
168 -83 -30
169 86 -13
170 -62 -1
171 38 85
172 12 -50
173 49 19
174 -38 -47
175 54 -79
176 62 96
177 66 73
178 -24 -23
179 9 62
180 -99 -2
181 54 -36
182 -52 56
183 -50 -38
184 86 -69
185 -13 -82
186 30 -100
187 -72 -81
188 88 -83
189 54 22
190 48 -33
191 -12 23
192 -18 -57
193 -58 -20
194 -2 -39
195 32 40
196 61 -77
197 -14 39
198 44 -26
199 37 55
200 -100 -13
201 33 -69
202 66 35
203 -10 62
204 67 47
205 84 -41
206 22 87
207 -86 33
208 -91 -69
209 82 -95
210 14 69
211 63 24
212 -1 47
213 -43 6
214 13 -12
215 -25 14
216 -20 99
217 22 -40
218 34 -43
219 56 46
220 52 -21
221 12 51
222 -23 -27
223 -82 73
224 -91 52
225 30 13
226 -9 32
227 -59 -70
228 24 -92
229 31 -82
230 -22 83
231 -52 -22
232 -29 -31
233 78 23
234 -36 53
235 99 52
236 -26 -65
237 -48 -66
238 -43 -89
239 -53 -74
240 29 -17
241 -3 60
242 58 61
243 -77 48
244 57 -8
245 36 25
246 25 37
247 -32 69
248 -69 -67
249 -20 -93
250 -6 -6
251 8 -45
252 53 78
253 -61 -45
254 -20 -94
255 73 12
256 61 5
257 -11 94
258 -15 -13
259 19 10
260 -54 -70
261 65 72
262 -83 -27
263 -74 36
264 67 -18
265 -97 -77
266 31 -61
267 32 -66
268 74 -59
269 -93 80
270 22 67
271 -33 51
272 18 -77
273 64 -80
274 -52 -26
275 -17 43
276 13 69
277 60 -37
278 29 35
279 -62 -21
280 51 2
281 -12 97
282 -97 49
283 81 21
284 73 -45
285 -81 -57
286 -20 39
287 87 -21
288 62 -86
289 -47 93
290 9 -95
291 -12 -8
292 98 -40
293 9 61
294 -22 -32
295 5 -62
296 -97 27
297 -72 -81
298 -22 -30
299 48 69
300 -58 -58
301 -53 92
302 -46 -61
303 -38 74
304 82 -19
305 1 14
306 -19 -56
307 70 46
308 -86 95
309 98 42
310 -60 -81
311 -57 4
312 49 80
313 -60 52
314 10 67
315 -100 -8
316 -34 -16
317 51 -33
318 58 -5
319 -62 59
320 97 34
321 79 97
322 67 90
323 57 58
324 57 -18
325 -95 -17
326 -29 -95
327 28 -78
328 98 42
329 -58 -26
330 99 10
331 -36 -86
332 -19 -92
333 -52 96
334 -7 2
335 88 19
336 57 -61
337 45 6
338 -60 -54
339 37 59
340 -77 -19
341 94 -73
342 62 17
343 -80 -39
344 56 28
345 -32 -85
346 -48 63
347 59 -14
348 -30 64
349 15 58
350 42 60
351 -35 -46
352 -6 -15
353 25 -68
354 -41 -79
355 81 52
356 -95 -17
357 -49 17
358 15 -64
359 -49 64
360 88 87
361 -60 64
362 -66 73
363 -34 94
364 -21 -41
365 -64 -24
366 30 78
367 -83 -37
368 -85 39
369 33 -24
370 91 88
371 -99 34
372 46 15
373 -91 68
374 12 -59
375 70 -67
376 12 51
377 70 54
378 19 0
379 -80 20
380 -81 31
381 52 -100
382 85 5
383 -78 -74
384 -34 87
385 2 76
386 2 75
387 72 -100
388 85 5
389 -83 18
390 63 -3
391 -19 -63
392 -12 -98
393 63 78
394 -92 -38
395 43 15
396 19 -88
397 -43 -41
398 -65 -99
399 49 -59
400 -7 82
401 2 24
402 39 94
403 31 37
404 79 69
405 69 -86
406 -17 1
407 57 21
408 -51 15
409 12 83
410 41 -57
411 -82 -97
412 -56 86
413 -44 -11
414 17 12
415 64 83
416 56 76
417 -75 80
418 95 56
419 -3 -7
420 -29 -74
421 99 -62
422 -7 29
423 -68 -83
424 -45 36
425 -91 20
426 -11 65
427 -1 -51
428 64 -2
429 -20 52
430 37 -59
431 -81 -34
432 -96 85
433 -43 6
434 -24 76
435 25 -7
436 -83 -82
437 12 15
438 -56 79
439 10 14
440 54 -61
441 -67 80
442 2 -56
443 -6 90
444 -23 75
445 -84 -4
446 -24 45
447 55 -71
448 -94 32
449 -67 7
450 -29 25
451 41 -22
452 -90 16
453 3 -30
454 -47 83
455 -95 84
456 88 65
457 97 -2
458 -93 -61
459 64 60
460 -10 -33
461 -71 0
462 60 -71
463 -84 -28
464 -37 -18
465 9 11
466 46 -98
467 -57 -71
468 -3 55
469 69 85
470 41 -77
471 36 -7
472 70 -69
473 8 10
474 47 -43
475 -79 67
476 68 -27
477 -84 -97
478 -5 -60
479 18 81
480 -1 -69
481 -93 71
482 -26 -7
483 -62 85
484 21 68
485 -100 -48
486 -31 78
487 -82 -33
488 30 36
489 30 29
490 20 6
491 24 -95
492 -40 41
493 43 -28
494 85 -61
495 33 -43
496 -63 88
497 -15 10
498 -84 65
499 -82 -24
500 92 23
501 88 78
502 -43 68
503 -2 89
504 -46 49
505 -27 59
506 10 88
507 -39 93
508 6 -99
509 10 32
510 50 66
511 99 -18
512 -66 43
513 -85 -19
514 -8 8
515 -50 65
516 17 -46
517 37 97
518 17 45
519 48 -8
520 -57 53
521 -82 -64
522 66 74
523 46 -52
524 27 -9
525 -97 -86
526 -45 -15
527 25 -74
528 23 6
529 44 13
530 53 -84
531 -4 45
532 -1 8
533 -59 -44
534 -49 -37
535 -24 60
536 -47 -82
537 -12 96
538 47 63
539 15 -41
540 96 67
541 54 -100
542 4 -64
543 9 -69
544 28 10
545 -27 -90
546 -99 -66
547 39 -74
548 -44 -28
549 36 -42
550 33 -10
551 96 -37
552 -85 -57
553 61 -63
554 97 29
555 -22 60
556 91 -16
557 17 85
558 -38 -5
559 -59 -38
560 98 -91
561 28 41
562 89 -34
563 58 -82
564 -21 -39
565 39 -25
566 -74 -43
567 26 6
568 70 -10
569 85 -39
570 -26 -28
571 -66 98
572 -68 13
573 -81 16
574 17 53
575 64 60
576 -69 -26
577 -41 23
578 62 -45
579 -27 49
580 -16 43
581 57 35
582 89 -97
583 33 33
584 58 -90
585 -85 72
586 10 80
587 88 25
588 74 29
589 8 -25
590 -54 -58
591 0 25
592 -3 78
593 -56 52
594 97 -98
595 44 15
596 -84 -64
597 76 31
598 14 -1
599 -91 -72
600 79 -15
601 58 6
602 38 92
603 -50 -50
604 -15 33
605 48 -68
606 46 98
607 2 -58
608 -58 -68
609 -63 -90
610 59 81
611 35 55
612 -34 -1
613 55 -27
614 -97 -44
615 -89 -25
616 19 -20
617 -4 61
618 -17 93
619 87 5
620 28 93
621 -34 -36
622 -46 11
623 68 -82
624 34 33
625 -12 -18
626 -39 98
627 -31 98
628 50 -97
629 -60 -62
630 -64 77
631 -54 -71
632 22 -27
633 12 -34
634 1 41
635 59 -51
636 -56 32
637 -18 65
638 15 -29
639 0 54
640 31 36
641 39 -30
642 68 28
643 -87 20
644 -90 -2
645 -89 -21
646 53 49
647 -32 50
648 46 -63
649 41 81
650 98 1
651 16 93
652 74 -61
653 -62 29
654 16 4
655 -18 -22
656 2 -15
657 6 -1
658 -63 76
659 -40 94
660 -41 91
661 -44 -97
662 29 -21
663 -4 -5
664 -37 31
665 -81 -22
666 30 19
667 56 -71
668 -81 46
669 -4 29
670 -10 -16
671 -96 6
672 -85 32
673 77 -33
674 -58 68
675 13 69
676 76 46
677 21 -94
678 -55 12
679 -37 -6
680 42 42
681 -35 84
682 -16 -96
683 48 82
684 29 -24
685 -21 -9
686 -21 31
687 4 74
688 87 49
689 88 97
690 2 -72
691 -48 -6
692 -82 -51
693 2 83
694 98 49
695 84 6
696 -18 -99
697 86 47
698 -82 -81
699 -79 -90
700 83 94
701 38 65
702 -12 -79
703 -11 -56
704 -58 46
705 -81 -5
706 24 -34
707 92 14
708 -11 70
709 66 -66
710 2 65
711 84 80
712 -8 72
713 -92 -23
714 45 56
715 55 67
716 28 77
717 -87 7
718 -11 -13
719 -94 96
720 59 -43
721 40 -49
722 29 -12
723 82 -84
724 -91 -29
725 -43 -52
726 -47 86
727 8 -82
728 -91 58
729 -28 15
730 -88 -88
731 -2 -15
732 91 -48
733 67 46
734 -48 -16
735 -76 -98
736 64 69
737 -25 -56
738 -76 33
739 -50 -96
740 90 92
741 -32 -27
742 -1 7
743 13 41
744 -31 94
745 -2 31
746 -86 -10
747 84 47
748 58 -46
749 -40 -23
750 20 -65
751 63 25
752 -53 -46
753 -17 -16
754 11 -37
755 93 -24
756 7 -32
757 25 -80
758 43 -75
759 86 -17
760 38 -74
761 -23 -43
762 86 -7
763 88 -27
764 85 27
765 -15 70
766 -27 73
767 -17 54
768 -72 43
769 -74 -56
770 -77 -71
771 -71 -95
772 -99 -79
773 -77 45
774 65 63
775 -97 33
776 -33 76
777 38 -6
778 58 6
779 38 53
780 -34 -91
781 -1 83
782 78 -77
783 -98 34
784 84 70
785 92 -100
786 98 42
787 -41 9
788 96 -28
789 -44 64
790 -31 -58
791 8 -79
792 24 52
793 2 -4
794 -66 89
795 96 22
796 -96 -28
797 77 -87
798 29 -54
799 -73 78
800 -81 -12
801 61 94
802 70 -97
803 34 25
804 17 -72
805 -3 -15
806 -51 73
807 -16 -77
808 1 -23
809 -41 -75
810 20 6
811 0 95
812 73 -30
813 95 25
814 64 -55
815 79 49
816 -55 -22
817 45 80
818 -19 13
819 -50 20
820 -83 77
821 79 -95
822 -9 11
823 -28 -70
824 88 54
825 12 -48
826 86 -99
827 -42 13
828 88 65
829 -79 0
830 -93 -91
831 60 -29
832 -52 47
833 -60 70
834 -72 3
835 42 87
836 -74 38
837 -92 42
838 26 -6
839 3 -38
840 97 65
841 37 -90
842 32 27
843 63 -57
844 -80 -68
845 92 15
846 -8 50
847 13 -92
848 -83 7
849 57 43
850 -30 1
851 -98 -16
852 -88 25
853 -74 -52
854 93 15
855 86 -6
856 -38 58
857 3 -59
858 -29 50
859 38 21
860 84 96
861 50 96
862 11 -74
863 -6 -24
864 -76 -100
865 25 -82
866 37 60
867 92 -5
868 63 -48
869 98 -93
870 0 14
871 -50 4
872 -55 -3
873 -47 34
874 -53 -29
875 36 -34
876 68 -65
877 58 -27
878 51 -94
879 72 85
880 -70 50
881 -77 93
882 90 67
883 57 1
884 66 -93
885 -22 -82
886 52 31
887 -79 -30
888 46 -55
889 50 -86
890 72 60
891 -71 52
892 -37 -42
893 -51 1
894 -99 18
895 44 57
896 -21 -88
897 77 50
898 -10 -43
899 14 -22
900 39 51
901 67 -61
902 93 17
903 14 -63
904 -87 -12
905 26 5
906 -45 58
907 -88 -31
908 21 -29
909 29 31
910 17 -45
911 -1 -53
912 -37 21
913 39 40
914 54 -30
915 79 -11
916 31 -28
917 -26 -80
918 93 89
919 59 45
920 44 -88
921 -13 13
922 91 -62
923 1 21
924 99 7
925 -71 -81
926 27 82
927 60 -16
928 -48 20
929 76 -29
930 78 74
931 -17 43
932 8 -63
933 74 83
934 -16 92
935 -24 31
936 11 83
937 87 5
938 67 86
939 -45 -76
940 -80 -82
941 40 -54
942 -59 60
943 61 49
944 11 89
945 68 -28
946 -88 -12
947 67 70
948 28 44
949 -95 54
950 -36 17
951 -64 -93
952 -69 -3
953 7 44
954 95 -46
955 16 -35
956 -36 51
957 -50 60
958 -67 -63
959 2 48
960 -24 -76
961 -28 -6
962 -77 -97
963 19 -77
964 -84 -84
965 77 -78
966 80 1
967 60 2
968 81 33
969 -85 43
970 -48 -83
971 53 -44
972 -27 3
973 -92 -40
974 -63 -93
975 36 -9
976 -58 -43
977 -22 -61
978 -55 42
979 83 -73
980 78 -16
981 27 78
982 -23 -7
983 -16 63
984 91 48
985 78 0
986 -79 58
987 -4 -42
988 -29 -85
989 -79 20
990 95 -42
991 86 -91
992 -21 -15
993 80 23
994 -77 20
995 -43 -61
996 49 87
997 65 68
998 -11 74
999 79 79
1000 -82 -55
