100
2
1 -72 -90
2 -32 -60
3 66 19
4 -83 -71
5 87 -71
6 43 -27
7 -28 95
8 94 -35
9 -18 -21
10 -91 88
11 24 77
12 94 51
13 72 32
14 -93 84
15 11 -34
16 -52 -84
17 -63 3
18 -41 92
19 87 22
20 -47 -14
21 87 -20
22 -16 60
23 -31 32
24 -54 -93
25 -65 46
26 -59 -98
27 71 -90
28 -42 -49
29 -85 17
30 -32 -67
31 12 -67
32 18 21
33 81 26
34 -65 68
35 35 -99
36 -22 60
37 -75 22
38 -100 -56
39 -7 -66
40 -18 -61
41 -14 99
42 48 64
43 -75 -55
44 -55 -73
45 -55 -92
46 77 -30
47 -47 -80
48 74 54
49 61 62
50 78 42
51 -3 -23
52 -29 -66
53 -32 -20
54 77 -51
55 -90 -86
56 57 81
57 -66 -72
58 46 12
59 -16 53
60 -5 35
61 -19 -92
62 23 27
63 -77 -92
64 6 -96
65 47 -54
66 -18 30
67 -45 40
68 42 -91
69 28 14
70 -4 44
71 -32 96
72 -83 -69
73 -49 95
74 -65 -75
75 -27 -38
76 -31 -93
77 -34 -57
78 -40 -12
79 53 44
80 -90 -40
81 73 72
82 1 63
83 31 -74
84 26 -6
85 -15 37
86 84 70
87 -43 51
88 -33 -15
89 91 -8
90 -24 -72
91 72 -19
92 31 -15
93 76 -26
94 -36 -88
95 -21 -46
96 -45 83
97 3 -64
98 71 -5
99 -6 -47
100 -1 -76
1 -31 41
2 39 36
3 -22 -1
4 50 15
5 75 75
6 -3 -39
7 -32 82
8 -13 -8
9 -59 -84
10 86 -43
11 62 14
12 -85 -69
13 -19 -100
14 -34 -80
15 80 71
16 91 37
17 92 -49
18 58 -69
19 42 94
20 -93 -23
21 23 48
22 -64 4
23 56 93
24 15 21
25 48 -22
26 -46 -22
27 -33 -58
28 -38 55
29 25 7
30 -46 -23
31 -67 29
32 35 -96
33 83 59
34 -32 -84
35 -77 -44
36 49 -54
37 -91 9
38 33 -87
39 -22 11
40 -25 -13
41 -16 44
42 -29 1
43 16 13
44 -30 50
45 88 -97
46 5 -65
47 40 29
48 -57 93
49 -88 -69
50 20 96
51 25 -1
52 -3 -8
53 29 -92
54 -32 57
55 8 -52
56 -23 -86
57 -68 66
58 92 -12
59 -42 -66
60 -13 -30
61 -11 18
62 -73 -80
63 51 14
64 5 -21
65 -35 39
66 -99 -54
67 90 -22
68 62 85
69 -53 79
70 71 8
71 -56 12
72 -59 40
73 25 -10
74 -97 74
75 36 55
76 35 78
77 43 -51
78 7 -94
79 -29 -23
80 41 -85
81 2 89
82 -9 69
83 -53 -70
84 -76 53
85 -97 -93
86 -59 -22
87 -38 78
88 -74 76
89 -24 -13
90 -6 -40
91 11 31
92 42 10
93 -97 -77
94 2 40
95 70 56
96 14 69
97 -62 56
98 -94 -45
99 -80 -29
100 -7 -6
101 -34 -51
102 70 29
103 13 -43
104 15 65
105 -77 30
106 30 83
107 82 -19
108 3 70
109 -54 81
110 66 -77
111 28 -17
112 82 -53
113 -7 -29
114 -60 6
115 72 71
116 55 -96
117 94 99
118 93 -39
119 60 -87
120 96 46
121 8 37
122 17 -60
123 -75 30
124 86 57
125 -48 -65
126 -92 -61
127 5 -31
128 66 83
129 -34 23
130 -64 -59
131 -84 -92
132 92 -48
133 75 25
134 89 83
135 -13 -59
136 -91 -68
137 84 -80
138 15 90
139 66 42
140 -79 62
141 -16 -18
142 -47 36
143 62 15
144 -2 25
145 -68 -91
146 94 -63
147 77 54
148 29 -1
149 44 -36
150 -36 0
151 40 -97
152 -31 -90
153 -75 76
154 -45 -15
155 53 75
156 -83 24
157 1 -27
158 57 34
159 55 -44
160 -10 -41
161 -74 -36
162 50 -23
163 -53 72
164 -45 -71
165 -10 -84
166 -54 1
167 -22 21
168 -78 -19
169 -87 -58
170 10 86
171 -40 -87
172 71 -43
173 92 -30
174 35 4
175 97 95
176 43 -12
177 74 -95
178 -27 -24
179 -48 91
180 63 -47
181 20 -75
182 94 36
183 29 16
184 -54 80
185 -49 -25
186 20 13
187 45 4
188 98 -87
189 -8 -7
190 -15 76
191 -63 51
192 -68 -5
193 -27 57
194 26 -28
195 -53 45
196 -72 -79
197 -22 -43
198 -35 -65
199 -82 -65
200 27 -24
