100
4
1 54 -20
2 -67 97
3 -79 -39
4 60 -11
5 -56 -98
6 53 -95
7 -99 2
8 -24 -45
9 40 -53
10 46 -83
11 -84 -33
12 -35 46
13 79 62
14 30 85
15 -81 38
16 85 96
17 -80 -93
18 -32 69
19 37 48
20 37 -82
21 -92 -46
22 -48 -1
23 92 11
24 -97 -3
25 -32 -3
26 28 24
27 -86 79
28 19 -14
29 -86 -14
30 -83 -41
31 30 75
32 -31 6
33 -83 57
34 85 93
35 -67 6
36 18 91
37 9 27
38 -91 62
39 -85 66
40 53 -33
41 59 -67
42 16 22
43 -91 -39
44 81 -59
45 -12 81
46 55 -50
47 30 -23
48 -13 -67
49 85 46
50 -18 -65
51 25 -91
52 -37 61
53 78 36
54 -86 -13
55 69 56
56 -29 -52
57 32 49
58 0 -3
59 -42 46
60 -4 56
61 75 44
62 5 -48
63 51 -33
64 -40 -68
65 -61 76
66 77 -31
67 -17 18
68 42 49
69 69 54
70 44 -27
71 -54 -6
72 -29 31
73 10 6
74 17 81
75 77 90
76 74 -62
77 -51 26
78 -41 81
79 4 -89
80 -90 10
81 -25 82
82 -53 92
83 79 -98
84 65 -86
85 -93 50
86 28 3
87 -98 -77
88 9 -19
89 -28 73
90 41 -55
91 50 -21
92 -46 -51
93 -99 38
94 -81 56
95 -41 60
96 -56 57
97 44 -67
98 97 -36
99 -54 -21
100 52 8
1 40 3
2 73 -74
3 -39 -29
4 -64 -75
5 -83 78
6 9 31
7 -30 65
8 60 96
9 27 98
10 90 -59
11 82 -91
12 55 -54
13 6 71
14 58 69
15 -74 -56
16 -66 93
17 -79 -67
18 4 -53
19 6 -73
20 87 30
21 2 94
22 38 -20
23 -49 13
24 -13 79
25 -27 -99
26 37 -52
27 -12 10
28 25 31
29 47 26
30 20 -10
31 13 -34
32 99 73
33 43 15
34 10 -64
35 -40 12
36 -11 -1
37 -90 -40
38 38 88
39 -30 -26
40 95 93
41 -16 79
42 -5 -76
43 6 85
44 5 10
45 8 72
46 -1 79
47 7 -4
48 -84 -65
49 94 65
50 36 36
51 -97 -50
52 18 60
53 11 -63
54 -62 -73
55 72 37
56 -39 -27
57 31 27
58 -94 33
59 70 74
60 -34 58
61 -90 99
62 28 -13
63 -87 10
64 91 13
65 -56 2
66 93 4
67 37 -41
68 89 -67
69 -39 35
70 13 -32
71 47 -22
72 37 70
73 11 -75
74 -53 80
75 -10 -17
76 -36 -81
77 -2 78
78 25 -97
79 22 -70
80 46 -100
81 -55 24
82 83 -31
83 43 56
84 36 -28
85 37 72
86 -29 -65
87 -40 98
88 -89 32
89 -39 57
90 76 87
91 -38 -89
92 -78 60
93 -62 74
94 -94 58
95 33 86
96 11 -69
97 89 13
98 -78 -78
99 -5 -32
100 -73 55
101 -11 75
102 -57 18
103 -89 -71
104 58 0
105 67 93
106 41 64
107 -46 58
108 37 -66
109 1 -78
110 -69 69
111 49 77
112 39 51
113 -39 -60
114 -54 47
115 75 89
116 -63 93
117 29 -80
118 -2 -13
119 68 4
120 48 -92
121 -85 6
122 91 39
123 -56 46
124 76 -70
125 75 88
126 20 -28
127 -64 -42
128 -95 12
129 -64 -9
130 -43 71
131 83 -89
132 25 77
133 56 47
134 -66 -67
135 -40 -50
136 -35 97
137 -26 -77
138 54 -57
139 85 99
140 6 14
141 -37 -85
142 72 86
143 -32 64
144 57 -29
145 -86 86
146 -49 -24
147 -53 77
148 -75 -96
149 81 -86
150 83 -3
151 12 43
152 69 24
153 22 23
154 98 -87
155 4 62
156 26 -64
157 85 43
158 7 67
159 -62 38
160 8 91
161 90 63
162 -82 -27
163 99 89
164 49 -4
165 98 50
166 -38 71
167 -84 -91
168 -99 20
169 -55 -52
170 -37 45
171 66 43
172 67 -48
173 -41 -86
174 -10 4
175 -30 -43
176 65 -58
177 5 91
178 6 48
179 24 -4
180 25 33
181 73 1
182 -85 54
183 0 54
184 -80 76
185 41 86
186 21 89
187 -25 63
188 -75 -54
189 96 66
190 -87 84
191 -2 -56
192 -74 40
193 84 -80
194 -34 -76
195 2 -47
196 96 49
197 23 30
198 71 -36
199 28 -88
200 52 4
201 94 14
202 63 -17
203 36 76
204 67 41
205 65 -41
206 52 57
207 -18 41
208 -66 29
209 -25 -26
210 69 -20
211 -12 95
212 -27 -13
213 90 71
214 -34 44
215 91 60
216 18 83
217 -86 8
218 89 84
219 -19 43
220 -96 -93
221 -48 24
222 -41 -57
223 1 -62
224 -33 81
225 -5 -58
226 89 -47
227 -58 -29
228 -84 99
229 -60 -24
230 -8 64
231 9 -78
232 49 -95
233 41 68
234 42 73
235 51 -50
236 -52 31
237 -30 62
238 -73 63
239 36 -70
240 86 52
241 4 -16
242 -52 49
243 70 -36
244 40 42
245 -8 89
246 43 -95
247 -50 -60
248 -2 -70
249 74 -47
250 1 32
251 -5 -6
252 -71 -55
253 94 -43
254 82 -20
255 -56 -48
256 -37 -90
257 -11 39
258 -41 -76
259 73 -100
260 -66 -24
261 -73 -100
262 -20 62
263 6 -57
264 -20 -70
265 -37 96
266 88 -18
267 29 -47
268 -44 -90
269 -46 -97
270 54 13
271 -18 -41
272 -2 -61
273 25 33
274 15 11
275 80 -27
276 -44 74
277 -81 -76
278 4 -5
279 -87 -33
280 38 51
281 76 52
282 -83 -53
283 -36 81
284 -19 -65
285 -18 -51
286 70 70
287 -55 21
288 94 67
289 2 -59
290 -64 73
291 27 69
292 -50 90
293 40 -86
294 -37 4
295 48 61
296 96 87
297 -36 -97
298 36 29
299 -58 -50
300 75 44
301 -48 -21
302 -72 30
303 3 -15
304 28 -3
305 -70 37
306 93 71
307 -70 65
308 -77 -93
309 1 -74
310 7 -51
311 18 76
312 -13 21
313 -48 83
314 6 -58
315 85 -36
316 25 -49
317 -35 -8
318 21 -52
319 41 19
320 -13 -46
321 -14 65
322 -27 -89
323 67 -75
324 56 -1
325 80 28
326 -73 -84
327 43 25
328 -75 -25
329 92 6
330 -23 19
331 79 -14
332 12 65
333 -89 41
334 6 38
335 -56 75
336 -35 82
337 39 -48
338 63 53
339 3 -25
340 53 -73
341 -74 -94
342 -39 -44
343 -63 8
344 8 40
345 -34 -55
346 -44 -66
347 -58 67
348 -25 99
349 -48 8
350 99 -74
351 19 -82
352 -46 -95
353 -37 -55
354 -23 -10
355 62 -28
356 72 16
357 52 -50
358 -7 72
359 -76 -44
360 28 3
361 -67 65
362 -29 98
363 19 -69
364 40 71
365 77 63
366 0 94
367 -25 27
368 8 -92
369 52 -44
370 93 91
371 -69 -83
372 77 93
373 -27 39
374 -19 91
375 -26 2
376 75 96
377 80 -4
378 92 53
379 46 -44
380 -14 -69
381 5 5
382 13 98
383 72 77
384 -60 -75
385 41 -15
386 -80 68
387 -37 36
388 -29 -85
389 88 -23
390 24 79
391 49 48
392 -3 -25
393 88 4
394 -87 79
395 34 55
396 -39 -5
397 70 61
398 -15 26
399 4 78
400 -79 -5
