100
1
1 -72 -90
2 -32 -60
3 66 19
4 -83 -71
5 87 -71
6 43 -27
7 -28 95
8 94 -35
9 -18 -21
10 -91 88
11 24 77
12 94 51
13 72 32
14 -93 84
15 11 -34
16 -52 -84
17 -63 3
18 -41 92
19 87 22
20 -47 -14
21 87 -20
22 -16 60
23 -31 32
24 -54 -93
25 -65 46
26 -59 -98
27 71 -90
28 -42 -49
29 -85 17
30 -32 -67
31 12 -67
32 18 21
33 81 26
34 -65 68
35 35 -99
36 -22 60
37 -75 22
38 -100 -56
39 -7 -66
40 -18 -61
41 -14 99
42 48 64
43 -75 -55
44 -55 -73
45 -55 -92
46 77 -30
47 -47 -80
48 74 54
49 61 62
50 78 42
51 -3 -23
52 -29 -66
53 -32 -20
54 77 -51
55 -90 -86
56 57 81
57 -66 -72
58 46 12
59 -16 53
60 -5 35
61 -19 -92
62 23 27
63 -77 -92
64 6 -96
65 47 -54
66 -18 30
67 -45 40
68 42 -91
69 28 14
70 -4 44
71 -32 96
72 -83 -69
73 -49 95
74 -65 -75
75 -27 -38
76 -31 -93
77 -34 -57
78 -40 -12
79 53 44
80 -90 -40
81 73 72
82 1 63
83 31 -74
84 26 -6
85 -15 37
86 84 70
87 -43 51
88 -33 -15
89 91 -8
90 -24 -72
91 72 -19
92 31 -15
93 76 -26
94 -36 -88
95 -21 -46
96 -45 83
97 3 -64
98 71 -5
99 -6 -47
100 -1 -76
1 -31 41
2 39 36
3 -22 -1
4 50 15
5 75 75
6 -3 -39
7 -32 82
8 -13 -8
9 -59 -84
10 86 -43
11 62 14
12 -85 -69
13 -19 -100
14 -34 -80
15 80 71
16 91 37
17 92 -49
18 58 -69
19 42 94
20 -93 -23
21 23 48
22 -64 4
23 56 93
24 15 21
25 48 -22
26 -46 -22
27 -33 -58
28 -38 55
29 25 7
30 -46 -23
31 -67 29
32 35 -96
33 83 59
34 -32 -84
35 -77 -44
36 49 -54
37 -91 9
38 33 -87
39 -22 11
40 -25 -13
41 -16 44
42 -29 1
43 16 13
44 -30 50
45 88 -97
46 5 -65
47 40 29
48 -57 93
49 -88 -69
50 20 96
51 25 -1
52 -3 -8
53 29 -92
54 -32 57
55 8 -52
56 -23 -86
57 -68 66
58 92 -12
59 -42 -66
60 -13 -30
61 -11 18
62 -73 -80
63 51 14
64 5 -21
65 -35 39
66 -99 -54
67 90 -22
68 62 85
69 -53 79
70 71 8
71 -56 12
72 -59 40
73 25 -10
74 -97 74
75 36 55
76 35 78
77 43 -51
78 7 -94
79 -29 -23
80 41 -85
81 2 89
82 -9 69
83 -53 -70
84 -76 53
85 -97 -93
86 -59 -22
87 -38 78
88 -74 76
89 -24 -13
90 -6 -40
91 11 31
92 42 10
93 -97 -77
94 2 40
95 70 56
96 14 69
97 -62 56
98 -94 -45
99 -80 -29
100 -7 -6
